[
    {
        "timestamp": 1713696384,
        "index": [
            0,
            5,
            10,
            15,
            20,
            25,
            30,
            35,
            40,
            45,
            50,
            55,
            60,
            65,
            70,
            75,
            80,
            85,
            90,
            95,
            100,
            105,
            110,
            115,
            120,
            125,
            130,
            135,
            140,
            145,
            150,
            155,
            160
        ],
        "accelx": [
            -0.0273,
            3.0527,
            -0.4883,
            -1.5625,
            1.3496,
            0.4062,
            -0.1113,
            -0.0566,
            -0.0996,
            0.0918,
            -0.0605,
            -0.043,
            -0.1836,
            -0.0449,
            0.1113,
            0.0488,
            -0.0898,
            0.0781,
            -0.0488,
            -0.041,
            -0.0566,
            -0.0273,
            -0.0332,
            -0.0625,
            -0.0508,
            -0.0312,
            -0.0234,
            -0.0391,
            -0.0703,
            -0.0664,
            -0.0508,
            -0.0273,
            -0.0195
        ],
        "accely": [
            -0.0293,
            -0.9434,
            2.9746,
            -0.3437,
            0.3086,
            -0.332,
            -0.3066,
            -0.0098,
            -0.2852,
            -0.127,
            0.002,
            0.1445,
            -0.0586,
            -0.0742,
            0.0469,
            -0.0039,
            -0.0801,
            -0.0605,
            -0.0762,
            0.0059,
            0.0137,
            0.0176,
            -0.0273,
            -0.0312,
            -0.0312,
            -0.0273,
            -0.0137,
            -0.0117,
            -0.0234,
            -0.0254,
            -0.0234,
            -0.0195,
            -0.0332
        ],
        "accelz": [
            0.4492,
            5.9531,
            -4.3672,
            -2.7598,
            4.0801,
            1.3867,
            -1.3008,
            1.0352,
            0.8672,
            1.2148,
            0.7949,
            1.2813,
            1.002,
            0.8398,
            1.1523,
            1.2148,
            1.0117,
            1.1484,
            0.9277,
            0.9805,
            0.9395,
            1.0234,
            1.041,
            0.9707,
            1.0313,
            1.0488,
            1.041,
            1.0234,
            0.9824,
            0.9805,
            0.9727,
            0.9824,
            0.9922
        ]
    },
    {
        "timestamp": 1713696512,
        "index": [
            0,
            5,
            10,
            15,
            20,
            25,
            30,
            35,
            40,
            45,
            50,
            55,
            60,
            65,
            70,
            75,
            80,
            85,
            90,
            95,
            100,
            105,
            110,
            115,
            120,
            125,
            130,
            135,
            140,
            145,
            150,
            155,
            160,
            165,
            170,
            175,
            180,
            185,
            190,
            195,
            200,
            205,
            210,
            215,
            220,
            225,
            230,
            235,
            240,
            245,
            250,
            255,
            260,
            265,
            270,
            275,
            280,
            285,
            290,
            295,
            300,
            305
        ],
        "accelx": [
            0.5176,
            -0.5137,
            -0.373,
            0.3086,
            0.1016,
            0.2129,
            0.041,
            -0.2598,
            0.0859,
            -0.0156,
            -0.0879,
            -0.2109,
            0.0547,
            -0.0586,
            0.0254,
            -0.0469,
            -0.0898,
            -0.0996,
            -0.0586,
            -0.1055,
            -0.0898,
            -0.0254,
            0.0078,
            0.0801,
            0.1289,
            0.2871,
            -0.1836,
            0.0039,
            -0.2012,
            -0.0898,
            -0.0918,
            -0.248,
            0.0859,
            -0.0879,
            -0.041,
            -0.0527,
            -0.0332,
            0.002,
            -0.0059,
            -0.0215,
            -0.0312,
            -0.0273,
            -0.0215,
            -0.0547,
            -0.0059,
            -0.0645,
            0.0645,
            -0.0566,
            0.0645,
            0.0117,
            -0.0352,
            -0.0703,
            -0.0586,
            -0.0156,
            -0.0371,
            -0.0703,
            -0.0156,
            -0.0273,
            -0.0137,
            -0.0449,
            -0.0488,
            -0.0273
        ],
        "accely": [
            -0.0801,
            1.3828,
            -1.6602,
            0.2324,
            -0.0195,
            -0.0254,
            0.1758,
            -0.0762,
            0.0215,
            0.0293,
            -0.0176,
            -0.0137,
            -0.0449,
            -0.0059,
            -0.0312,
            0.0,
            -0.0098,
            -0.0566,
            -0.0234,
            0.002,
            -0.0508,
            -0.0508,
            0.0254,
            -0.1133,
            -0.0391,
            -0.0742,
            0.125,
            -0.0176,
            0.041,
            -0.0547,
            0.0293,
            -0.1289,
            -0.0742,
            0.1074,
            0.0586,
            -0.0059,
            -0.0137,
            -0.0273,
            -0.0566,
            -0.0391,
            -0.0254,
            -0.0449,
            -0.0176,
            -0.0039,
            -0.0469,
            -0.0273,
            -0.0059,
            -0.0215,
            -0.0469,
            -0.0059,
            0.0098,
            -0.043,
            -0.0098,
            0.0059,
            -0.0078,
            -0.041,
            -0.0508,
            -0.0234,
            -0.0234,
            -0.0078,
            -0.0176,
            -0.0312
        ],
        "accelz": [
            -2.6543,
            3.2773,
            2.8047,
            -0.4531,
            -0.0137,
            1.3398,
            1.6465,
            0.5898,
            1.0215,
            0.7559,
            0.793,
            1.4395,
            1.0605,
            1.1602,
            0.7949,
            0.9922,
            0.9453,
            1.0469,
            1.0684,
            0.8984,
            1.041,
            1.0918,
            1.1582,
            1.3574,
            1.3164,
            2.8398,
            0.5215,
            0.9902,
            0.8047,
            0.4141,
            1.7266,
            0.8184,
            0.8047,
            1.3359,
            1.0996,
            1.0547,
            1.0645,
            1.1504,
            1.0391,
            0.9473,
            1.043,
            1.0234,
            0.9238,
            0.9668,
            1.0059,
            0.7773,
            1.1582,
            0.9824,
            0.9688,
            1.0898,
            1.0195,
            0.9805,
            1.0117,
            1.0059,
            0.9941,
            0.9941,
            1.0176,
            1.0039,
            1.0293,
            0.9297,
            0.9121,
            1.0664
        ]
    },
    {
        "timestamp": 1713696640,
        "index": [
            0,
            5,
            10,
            15,
            20,
            25,
            30,
            35,
            40,
            45,
            50,
            55,
            60,
            65,
            70,
            75,
            80,
            85,
            90,
            95,
            100,
            105,
            110
        ],
        "accelx": [
            -0.623,
            -1.1641,
            -0.8125,
            -0.123,
            0.582,
            0.7969,
            0.625,
            0.3203,
            0.0,
            -0.0684,
            -0.1152,
            -0.1719,
            -0.2031,
            -0.2012,
            -0.2246,
            -0.2051,
            -0.209,
            -0.207,
            -0.2227,
            -0.2266,
            -0.2461,
            -0.2617,
            -0.2988
        ],
        "accely": [
            -1.0293,
            -2.5078,
            -1.709,
            -1.0586,
            0.1152,
            0.6738,
            0.7695,
            0.6973,
            0.4023,
            0.3301,
            0.2871,
            0.2148,
            0.207,
            0.2129,
            0.2148,
            0.252,
            0.2754,
            0.3066,
            0.3379,
            0.3418,
            0.3496,
            0.3535,
            0.332
        ],
        "accelz": [
            1.5684,
            2.1797,
            2.0645,
            1.5703,
            1.0879,
            0.916,
            1.0547,
            0.9609,
            1.0098,
            1.0254,
            1.0195,
            1.002,
            0.9707,
            0.9863,
            0.9453,
            0.9277,
            0.9043,
            0.877,
            0.8398,
            0.8477,
            0.8242,
            0.8145,
            0.8066
        ]
    },
    {
        "timestamp": 1713696768,
        "index": [
            0,
            5,
            10,
            15,
            20,
            25,
            30,
            35,
            40,
            45,
            50,
            55,
            60,
            65,
            70,
            75,
            80,
            85,
            90,
            95
        ],
        "accelx": [
            -0.2207,
            -0.2949,
            0.1133,
            0.2246,
            0.2402,
            0.1211,
            0.1426,
            0.1621,
            0.1621,
            0.1914,
            0.1543,
            0.1387,
            0.1504,
            0.1309,
            0.1152,
            0.0996,
            0.0723,
            0.0586,
            0.0273,
            0.0078
        ],
        "accely": [
            -0.3574,
            -0.7871,
            -0.2852,
            0.2793,
            -0.2969,
            -0.3125,
            -0.2012,
            -0.1758,
            -0.1484,
            -0.1367,
            -0.0723,
            -0.0508,
            -0.0469,
            -0.0684,
            -0.1094,
            -0.1328,
            -0.1445,
            -0.1758,
            -0.1836,
            -0.2207
        ],
        "accelz": [
            0.9902,
            3.0039,
            3.2363,
            2.4141,
            1.5645,
            0.7969,
            0.748,
            0.625,
            0.6035,
            0.6328,
            0.584,
            0.5977,
            0.625,
            0.6094,
            0.7051,
            0.7559,
            0.7773,
            0.8223,
            0.8906,
            0.916
        ]
    }
]