[
    {
        "timestamp": 1713696622,
        "frequency": [
            1.0,
            2.0,
            3.0,
            4.0,
            6.0,
            7.0,
            8.0,
            9.0,
            10.0,
            11.0,
            12.0,
            13.0,
            14.0
        ],
        "magnitude": [
            0.049,
            0.015,
            0.016,
            0.008,
            0.007,
            0.01,
            0.012,
            0.011,
            0.014,
            0.006,
            0.009,
            0.006,
            0.006
        ]
    },
    {
        "timestamp": 1713696641,
        "frequency": [
            1.0,
            2.0,
            3.0,
            4.0,
            6.0,
            7.0,
            8.0,
            9.0,
            10.0,
            11.0,
            12.0,
            15.0
        ],
        "magnitude": [
            0.028,
            0.086,
            0.024,
            0.018,
            0.01,
            0.029,
            0.024,
            0.013,
            0.016,
            0.01,
            0.013,
            0.006
        ]
    },
    {
        "timestamp": 1713696687,
        "frequency": [
            1.0,
            2.0,
            3.0
        ],
        "magnitude": [
            0.014,
            0.032,
            0.021
        ]
    },
    {
        "timestamp": 1713696737,
        "frequency": [
            2.0,
            3.0,
            4.0,
            5.0,
            31.0,
            34.0,
            36.0
        ],
        "magnitude": [
            0.013,
            0.01,
            0.006,
            0.007,
            0.006,
            0.006,
            0.007
        ]
    },
    {
        "timestamp": 1713696765,
        "frequency": [
            3.0,
            6.0,
            32.0,
            38.0,
            39.0,
            40.0,
            41.0,
            50.0
        ],
        "magnitude": [
            0.008,
            0.005,
            0.006,
            0.009,
            0.009,
            0.011,
            0.008,
            0.006
        ]
    },
    {
        "timestamp": 1713696786,
        "frequency": [
            4.0,
            5.0,
            36.0,
            37.0
        ],
        "magnitude": [
            0.009,
            0.009,
            0.005,
            0.01
        ]
    },
    {
        "timestamp": 1713696811,
        "frequency": [
            2.0,
            4.0,
            6.0,
            29.0
        ],
        "magnitude": [
            0.005,
            0.009,
            0.008,
            0.005
        ]
    },
    {
        "timestamp": 1713696836,
        "frequency": [
            4.0,
            5.0,
            8.0,
            26.0,
            32.0,
            33.0,
            34.0,
            35.0,
            46.0,
            92.0,
            94.0,
            97.0
        ],
        "magnitude": [
            0.011,
            0.005,
            0.006,
            0.006,
            0.005,
            0.008,
            0.005,
            0.008,
            0.005,
            0.006,
            0.005,
            0.006
        ]
    },
    {
        "timestamp": 1713696891,
        "frequency": [
            3.0,
            5.0,
            8.0,
            10.0,
            20.0,
            28.0,
            30.0,
            34.0,
            95.0,
            99.0
        ],
        "magnitude": [
            0.006,
            0.007,
            0.006,
            0.009,
            0.006,
            0.005,
            0.008,
            0.008,
            0.005,
            0.006
        ]
    },
    {
        "timestamp": 1713696907,
        "frequency": [
            3.0,
            4.0,
            5.0,
            7.0,
            8.0,
            29.0,
            98.0
        ],
        "magnitude": [
            0.022,
            0.01,
            0.006,
            0.007,
            0.005,
            0.006,
            0.006
        ]
    },
    {
        "timestamp": 1713696932,
        "frequency": [
            7.0,
            15.0,
            30.0,
            31.0,
            35.0,
            99.0
        ],
        "magnitude": [
            0.007,
            0.005,
            0.007,
            0.007,
            0.008,
            0.005
        ]
    },
    {
        "timestamp": 1713696956,
        "frequency": [
            4.0,
            5.0,
            7.0,
            8.0,
            9.0,
            11.0,
            12.0,
            14.0,
            15.0,
            18.0,
            20.0,
            23.0,
            26.0,
            28.0,
            35.0,
            36.0,
            37.0
        ],
        "magnitude": [
            0.006,
            0.01,
            0.008,
            0.011,
            0.005,
            0.006,
            0.008,
            0.006,
            0.009,
            0.006,
            0.01,
            0.006,
            0.006,
            0.008,
            0.007,
            0.005,
            0.006
        ]
    },
    {
        "timestamp": 1713696981,
        "frequency": [
            5.0,
            6.0,
            7.0,
            8.0,
            15.0,
            17.0,
            18.0,
            19.0,
            26.0,
            28.0,
            30.0,
            31.0,
            35.0
        ],
        "magnitude": [
            0.011,
            0.007,
            0.008,
            0.006,
            0.007,
            0.007,
            0.009,
            0.006,
            0.005,
            0.007,
            0.006,
            0.006,
            0.006
        ]
    },
    {
        "timestamp": 1713697016,
        "frequency": [
            4.0,
            5.0,
            6.0,
            12.0
        ],
        "magnitude": [
            0.005,
            0.007,
            0.005,
            0.005
        ]
    },
    {
        "timestamp": 1713697031,
        "frequency": [
            6.0,
            7.0,
            10.0,
            12.0,
            16.0,
            17.0,
            21.0,
            24.0,
            28.0,
            30.0
        ],
        "magnitude": [
            0.012,
            0.005,
            0.005,
            0.006,
            0.006,
            0.008,
            0.005,
            0.007,
            0.006,
            0.014
        ]
    },
    {
        "timestamp": 1713697056,
        "frequency": [
            1.0,
            2.0,
            3.0,
            5.0,
            6.0,
            11.0,
            12.0,
            15.0,
            16.0,
            18.0,
            19.0,
            23.0,
            24.0,
            25.0,
            26.0,
            27.0,
            30.0,
            31.0,
            32.0,
            33.0,
            36.0,
            61.0
        ],
        "magnitude": [
            0.006,
            0.017,
            0.013,
            0.012,
            0.006,
            0.01,
            0.014,
            0.007,
            0.008,
            0.01,
            0.006,
            0.012,
            0.019,
            0.011,
            0.009,
            0.012,
            0.011,
            0.011,
            0.006,
            0.006,
            0.005,
            0.007
        ]
    },
    {
        "timestamp": 1713697081,
        "frequency": [
            2.0,
            3.0,
            4.0,
            5.0,
            6.0,
            8.0,
            10.0,
            29.0,
            30.0,
            34.0,
            35.0,
            61.0
        ],
        "magnitude": [
            0.006,
            0.012,
            0.01,
            0.013,
            0.011,
            0.009,
            0.005,
            0.007,
            0.009,
            0.008,
            0.007,
            0.01
        ]
    },
    {
        "timestamp": 1713697106,
        "frequency": [
            1.0,
            3.0,
            4.0,
            5.0,
            6.0,
            7.0,
            9.0,
            12.0,
            16.0,
            20.0,
            21.0,
            22.0,
            24.0,
            28.0,
            29.0,
            30.0,
            31.0,
            32.0,
            34.0,
            36.0,
            37.0,
            50.0,
            64.0,
            90.0
        ],
        "magnitude": [
            0.009,
            0.012,
            0.006,
            0.012,
            0.006,
            0.007,
            0.006,
            0.006,
            0.008,
            0.018,
            0.008,
            0.009,
            0.005,
            0.007,
            0.008,
            0.015,
            0.01,
            0.006,
            0.006,
            0.006,
            0.005,
            0.007,
            0.009,
            0.005
        ]
    },
    {
        "timestamp": 1713697141,
        "frequency": [
            1.0,
            2.0,
            3.0,
            5.0,
            7.0,
            9.0,
            10.0,
            12.0,
            13.0,
            15.0,
            16.0,
            17.0,
            18.0,
            19.0,
            22.0,
            23.0,
            25.0,
            28.0,
            30.0,
            31.0,
            32.0,
            33.0,
            35.0,
            36.0
        ],
        "magnitude": [
            0.014,
            0.014,
            0.01,
            0.006,
            0.007,
            0.008,
            0.007,
            0.008,
            0.006,
            0.008,
            0.014,
            0.017,
            0.01,
            0.009,
            0.006,
            0.006,
            0.006,
            0.005,
            0.008,
            0.006,
            0.005,
            0.005,
            0.011,
            0.005
        ]
    },
    {
        "timestamp": 1713697205,
        "frequency": [
            1.0,
            2.0,
            3.0,
            4.0,
            5.0,
            6.0,
            13.0,
            15.0,
            20.0,
            22.0,
            24.0,
            27.0,
            28.0,
            29.0,
            30.0,
            32.0,
            33.0,
            38.0,
            42.0,
            52.0,
            53.0,
            56.0
        ],
        "magnitude": [
            0.008,
            0.011,
            0.005,
            0.013,
            0.005,
            0.007,
            0.01,
            0.006,
            0.007,
            0.006,
            0.006,
            0.008,
            0.008,
            0.009,
            0.011,
            0.009,
            0.012,
            0.007,
            0.005,
            0.005,
            0.005,
            0.005
        ]
    },
    {
        "timestamp": 1713697230,
        "frequency": [
            2.0,
            3.0,
            4.0,
            5.0,
            6.0,
            14.0,
            19.0,
            20.0,
            22.0,
            27.0,
            28.0,
            29.0,
            30.0,
            34.0,
            35.0,
            39.0,
            43.0,
            81.0
        ],
        "magnitude": [
            0.017,
            0.01,
            0.012,
            0.01,
            0.008,
            0.013,
            0.005,
            0.006,
            0.008,
            0.013,
            0.008,
            0.011,
            0.02,
            0.009,
            0.005,
            0.008,
            0.006,
            0.005
        ]
    },
    {
        "timestamp": 1713697265,
        "frequency": [
            2.0,
            3.0,
            4.0,
            5.0,
            6.0,
            7.0,
            9.0,
            10.0,
            11.0,
            14.0,
            18.0,
            22.0,
            24.0,
            27.0,
            28.0,
            30.0,
            32.0,
            36.0,
            40.0,
            46.0,
            86.0
        ],
        "magnitude": [
            0.012,
            0.008,
            0.009,
            0.006,
            0.007,
            0.009,
            0.006,
            0.008,
            0.005,
            0.007,
            0.006,
            0.006,
            0.005,
            0.01,
            0.008,
            0.013,
            0.011,
            0.006,
            0.006,
            0.005,
            0.008
        ]
    },
    {
        "timestamp": 1713697280,
        "frequency": [
            3.0,
            4.0,
            7.0,
            10.0,
            13.0,
            14.0,
            17.0,
            19.0,
            20.0,
            21.0,
            22.0,
            25.0,
            26.0,
            27.0,
            28.0,
            29.0,
            30.0,
            31.0,
            33.0,
            34.0,
            36.0,
            37.0,
            39.0,
            48.0
        ],
        "magnitude": [
            0.008,
            0.01,
            0.006,
            0.005,
            0.01,
            0.005,
            0.008,
            0.008,
            0.006,
            0.009,
            0.006,
            0.005,
            0.007,
            0.011,
            0.007,
            0.011,
            0.017,
            0.012,
            0.006,
            0.006,
            0.005,
            0.005,
            0.012,
            0.005
        ]
    },
    {
        "timestamp": 1713697305,
        "frequency": [
            1.0,
            6.0,
            7.0,
            8.0,
            15.0,
            23.0,
            25.0,
            29.0,
            31.0,
            32.0,
            38.0,
            57.0
        ],
        "magnitude": [
            0.006,
            0.007,
            0.005,
            0.008,
            0.007,
            0.007,
            0.006,
            0.013,
            0.007,
            0.005,
            0.006,
            0.007
        ]
    },
    {
        "timestamp": 1713697330,
        "frequency": [
            2.0,
            4.0,
            9.0,
            11.0,
            29.0,
            35.0,
            36.0,
            37.0,
            38.0,
            39.0,
            40.0
        ],
        "magnitude": [
            0.009,
            0.007,
            0.008,
            0.005,
            0.009,
            0.008,
            0.006,
            0.01,
            0.009,
            0.008,
            0.006
        ]
    },
    {
        "timestamp": 1713697354,
        "frequency": [
            1.0,
            2.0,
            3.0,
            4.0,
            5.0,
            6.0,
            13.0,
            19.0,
            30.0,
            31.0,
            32.0,
            33.0,
            51.0
        ],
        "magnitude": [
            0.007,
            0.014,
            0.01,
            0.006,
            0.01,
            0.006,
            0.005,
            0.005,
            0.007,
            0.009,
            0.008,
            0.008,
            0.007
        ]
    },
    {
        "timestamp": 1713697389,
        "frequency": [
            31.0
        ],
        "magnitude": [
            0.007
        ]
    },
    {
        "timestamp": 1713700946,
        "frequency": [
            24.0
        ],
        "magnitude": [
            0.005
        ]
    },
    {
        "timestamp": 1713700970,
        "frequency": [
            1.0,
            2.0,
            3.0,
            4.0,
            7.0
        ],
        "magnitude": [
            0.012,
            0.013,
            0.017,
            0.011,
            0.005
        ]
    },
    {
        "timestamp": 1713701005,
        "frequency": [
            1.0,
            2.0,
            3.0,
            6.0,
            7.0,
            10.0,
            11.0,
            12.0,
            14.0,
            15.0,
            16.0,
            17.0,
            19.0,
            31.0,
            32.0,
            33.0,
            34.0,
            38.0,
            40.0,
            42.0,
            43.0,
            44.0,
            47.0,
            48.0,
            49.0,
            54.0,
            57.0,
            83.0,
            93.0,
            98.0
        ],
        "magnitude": [
            0.007,
            0.012,
            0.011,
            0.006,
            0.014,
            0.006,
            0.008,
            0.011,
            0.006,
            0.023,
            0.02,
            0.013,
            0.005,
            0.014,
            0.013,
            0.014,
            0.009,
            0.005,
            0.006,
            0.008,
            0.006,
            0.01,
            0.009,
            0.01,
            0.006,
            0.005,
            0.005,
            0.005,
            0.008,
            0.006
        ]
    },
    {
        "timestamp": 1713701020,
        "frequency": [
            1.0,
            2.0,
            3.0,
            4.0,
            5.0,
            7.0,
            8.0,
            10.0,
            12.0,
            14.0,
            15.0,
            16.0,
            20.0,
            22.0,
            24.0,
            25.0,
            27.0,
            30.0,
            34.0,
            44.0,
            47.0,
            53.0,
            57.0,
            58.0,
            60.0,
            61.0,
            90.0,
            95.0
        ],
        "magnitude": [
            0.01,
            0.011,
            0.008,
            0.005,
            0.009,
            0.012,
            0.01,
            0.007,
            0.008,
            0.006,
            0.014,
            0.012,
            0.006,
            0.008,
            0.006,
            0.005,
            0.006,
            0.012,
            0.008,
            0.005,
            0.005,
            0.007,
            0.006,
            0.008,
            0.006,
            0.008,
            0.007,
            0.008
        ]
    },
    {
        "timestamp": 1713701045,
        "frequency": [
            2.0,
            3.0,
            4.0,
            5.0,
            6.0,
            7.0,
            9.0,
            11.0,
            12.0,
            15.0,
            16.0,
            18.0,
            19.0,
            21.0,
            22.0,
            23.0,
            24.0,
            25.0,
            30.0,
            31.0,
            33.0,
            35.0,
            46.0,
            58.0,
            59.0
        ],
        "magnitude": [
            0.019,
            0.011,
            0.016,
            0.015,
            0.017,
            0.006,
            0.005,
            0.008,
            0.006,
            0.007,
            0.01,
            0.005,
            0.013,
            0.005,
            0.006,
            0.006,
            0.007,
            0.006,
            0.006,
            0.005,
            0.005,
            0.006,
            0.005,
            0.005,
            0.007
        ]
    },
    {
        "timestamp": 1713701070,
        "frequency": [
            1.0,
            2.0,
            3.0,
            5.0,
            6.0,
            8.0,
            9.0,
            10.0,
            11.0,
            12.0,
            13.0,
            15.0,
            16.0,
            21.0,
            22.0,
            26.0,
            29.0,
            30.0,
            31.0,
            32.0,
            33.0,
            34.0,
            35.0,
            36.0,
            40.0,
            42.0,
            53.0,
            72.0,
            73.0,
            97.0
        ],
        "magnitude": [
            0.006,
            0.017,
            0.011,
            0.006,
            0.019,
            0.01,
            0.007,
            0.012,
            0.005,
            0.007,
            0.006,
            0.007,
            0.007,
            0.011,
            0.014,
            0.006,
            0.021,
            0.023,
            0.007,
            0.01,
            0.014,
            0.006,
            0.006,
            0.016,
            0.005,
            0.007,
            0.006,
            0.006,
            0.007,
            0.007
        ]
    },
    {
        "timestamp": 1713701095,
        "frequency": [
            1.0,
            4.0,
            8.0,
            9.0,
            12.0,
            13.0,
            14.0,
            16.0,
            17.0,
            20.0,
            24.0,
            26.0,
            27.0,
            28.0,
            29.0,
            30.0,
            31.0,
            32.0,
            33.0,
            34.0,
            35.0,
            36.0
        ],
        "magnitude": [
            0.006,
            0.006,
            0.008,
            0.005,
            0.01,
            0.006,
            0.008,
            0.009,
            0.006,
            0.008,
            0.007,
            0.009,
            0.007,
            0.013,
            0.01,
            0.012,
            0.006,
            0.011,
            0.015,
            0.007,
            0.009,
            0.006
        ]
    },
    {
        "timestamp": 1713701139,
        "frequency": [
            2.0,
            3.0,
            4.0,
            6.0,
            7.0,
            9.0,
            15.0,
            18.0,
            26.0,
            27.0,
            28.0,
            29.0,
            30.0,
            31.0,
            32.0,
            33.0,
            36.0,
            37.0,
            38.0,
            54.0,
            56.0,
            61.0
        ],
        "magnitude": [
            0.007,
            0.008,
            0.009,
            0.006,
            0.006,
            0.006,
            0.005,
            0.006,
            0.012,
            0.009,
            0.008,
            0.008,
            0.016,
            0.013,
            0.005,
            0.013,
            0.005,
            0.012,
            0.006,
            0.005,
            0.005,
            0.006
        ]
    },
    {
        "timestamp": 1713701145,
        "frequency": [
            1.0,
            2.0,
            3.0,
            4.0,
            5.0,
            15.0,
            18.0,
            20.0,
            24.0,
            25.0,
            27.0,
            28.0,
            31.0,
            33.0,
            34.0,
            62.0,
            80.0
        ],
        "magnitude": [
            0.005,
            0.032,
            0.022,
            0.005,
            0.006,
            0.007,
            0.006,
            0.005,
            0.008,
            0.009,
            0.011,
            0.013,
            0.008,
            0.011,
            0.008,
            0.007,
            0.006
        ]
    },
    {
        "timestamp": 1713701170,
        "frequency": [
            2.0,
            3.0,
            5.0,
            6.0,
            14.0,
            19.0,
            22.0,
            23.0,
            25.0,
            27.0,
            28.0,
            29.0,
            31.0,
            32.0,
            35.0,
            36.0,
            38.0,
            43.0,
            44.0,
            45.0,
            47.0,
            86.0
        ],
        "magnitude": [
            0.011,
            0.011,
            0.007,
            0.012,
            0.007,
            0.006,
            0.007,
            0.006,
            0.007,
            0.017,
            0.016,
            0.01,
            0.007,
            0.006,
            0.009,
            0.006,
            0.005,
            0.005,
            0.006,
            0.005,
            0.007,
            0.007
        ]
    },
    {
        "timestamp": 1713701195,
        "frequency": [
            1.0,
            2.0,
            3.0,
            4.0,
            5.0,
            6.0,
            8.0,
            18.0,
            20.0,
            23.0,
            28.0,
            29.0,
            31.0,
            39.0,
            40.0,
            49.0,
            85.0
        ],
        "magnitude": [
            0.006,
            0.009,
            0.007,
            0.013,
            0.005,
            0.006,
            0.006,
            0.005,
            0.006,
            0.006,
            0.007,
            0.009,
            0.006,
            0.005,
            0.014,
            0.005,
            0.006
        ]
    },
    {
        "timestamp": 1713701220,
        "frequency": [
            1.0,
            2.0,
            3.0,
            4.0,
            5.0,
            6.0,
            7.0,
            9.0,
            10.0,
            11.0,
            13.0,
            14.0,
            15.0,
            16.0,
            19.0,
            20.0,
            25.0,
            26.0,
            27.0,
            29.0,
            30.0,
            31.0,
            32.0,
            33.0,
            35.0,
            36.0,
            37.0,
            52.0,
            53.0,
            58.0,
            64.0
        ],
        "magnitude": [
            0.024,
            0.023,
            0.018,
            0.008,
            0.008,
            0.007,
            0.017,
            0.012,
            0.013,
            0.007,
            0.023,
            0.011,
            0.007,
            0.01,
            0.015,
            0.006,
            0.007,
            0.009,
            0.006,
            0.013,
            0.018,
            0.025,
            0.007,
            0.014,
            0.009,
            0.008,
            0.011,
            0.005,
            0.007,
            0.005,
            0.008
        ]
    },
    {
        "timestamp": 1713701255,
        "frequency": [
            2.0,
            3.0,
            4.0,
            5.0,
            7.0,
            8.0,
            9.0,
            11.0,
            14.0,
            15.0,
            18.0,
            22.0,
            23.0,
            24.0,
            25.0,
            26.0,
            28.0,
            29.0,
            30.0,
            31.0,
            32.0,
            33.0,
            35.0,
            38.0
        ],
        "magnitude": [
            0.007,
            0.007,
            0.007,
            0.008,
            0.007,
            0.006,
            0.006,
            0.007,
            0.01,
            0.011,
            0.01,
            0.017,
            0.008,
            0.005,
            0.008,
            0.005,
            0.007,
            0.011,
            0.008,
            0.016,
            0.005,
            0.005,
            0.011,
            0.007
        ]
    },
    {
        "timestamp": 1713701270,
        "frequency": [
            2.0,
            3.0,
            6.0,
            8.0,
            12.0,
            16.0,
            17.0,
            18.0,
            19.0,
            20.0,
            25.0,
            26.0,
            27.0,
            28.0,
            29.0,
            31.0,
            32.0,
            33.0,
            35.0,
            37.0,
            38.0,
            52.0,
            59.0,
            75.0
        ],
        "magnitude": [
            0.012,
            0.006,
            0.007,
            0.006,
            0.012,
            0.007,
            0.007,
            0.012,
            0.019,
            0.009,
            0.008,
            0.011,
            0.016,
            0.011,
            0.01,
            0.005,
            0.006,
            0.013,
            0.007,
            0.008,
            0.005,
            0.007,
            0.007,
            0.011
        ]
    },
    {
        "timestamp": 1713701295,
        "frequency": [
            2.0,
            3.0,
            4.0,
            5.0,
            6.0,
            10.0,
            11.0,
            12.0,
            13.0,
            14.0,
            16.0,
            17.0,
            18.0,
            19.0,
            24.0,
            25.0,
            26.0,
            27.0,
            28.0,
            29.0,
            30.0,
            32.0,
            33.0,
            34.0,
            37.0,
            41.0,
            42.0,
            47.0,
            49.0,
            50.0,
            51.0,
            53.0,
            54.0,
            57.0
        ],
        "magnitude": [
            0.009,
            0.007,
            0.011,
            0.009,
            0.007,
            0.016,
            0.016,
            0.012,
            0.024,
            0.022,
            0.011,
            0.007,
            0.013,
            0.006,
            0.008,
            0.006,
            0.009,
            0.008,
            0.024,
            0.01,
            0.009,
            0.007,
            0.007,
            0.005,
            0.008,
            0.011,
            0.005,
            0.007,
            0.006,
            0.007,
            0.006,
            0.012,
            0.007,
            0.007
        ]
    },
    {
        "timestamp": 1713701319,
        "frequency": [
            2.0,
            3.0,
            4.0,
            5.0,
            11.0,
            12.0,
            13.0,
            16.0,
            22.0,
            24.0,
            25.0,
            28.0,
            29.0,
            31.0,
            32.0,
            33.0,
            34.0,
            35.0,
            38.0,
            40.0,
            56.0,
            59.0,
            73.0
        ],
        "magnitude": [
            0.015,
            0.009,
            0.006,
            0.007,
            0.008,
            0.011,
            0.007,
            0.008,
            0.007,
            0.011,
            0.007,
            0.009,
            0.014,
            0.01,
            0.005,
            0.007,
            0.008,
            0.009,
            0.005,
            0.006,
            0.006,
            0.007,
            0.006
        ]
    },
    {
        "timestamp": 1713701346,
        "frequency": [
            7.0,
            9.0,
            34.0
        ],
        "magnitude": [
            0.005,
            0.009,
            0.006
        ]
    },
    {
        "timestamp": 1713701379,
        "frequency": [
            32.0
        ],
        "magnitude": [
            0.006
        ]
    },
    {
        "timestamp": 1713701394,
        "frequency": [
            4.0,
            5.0,
            29.0,
            41.0
        ],
        "magnitude": [
            0.011,
            0.005,
            0.007,
            0.008
        ]
    },
    {
        "timestamp": 1713701450,
        "frequency": [
            4.0,
            29.0,
            30.0
        ],
        "magnitude": [
            0.011,
            0.011,
            0.009
        ]
    },
    {
        "timestamp": 1713701470,
        "frequency": [
            5.0,
            7.0,
            26.0,
            30.0,
            34.0,
            44.0,
            45.0,
            46.0,
            47.0,
            48.0
        ],
        "magnitude": [
            0.006,
            0.006,
            0.006,
            0.007,
            0.005,
            0.007,
            0.009,
            0.009,
            0.01,
            0.007
        ]
    },
    {
        "timestamp": 1713701505,
        "frequency": [
            5.0,
            7.0,
            16.0,
            24.0,
            26.0,
            27.0,
            28.0,
            29.0,
            30.0,
            31.0,
            33.0,
            34.0,
            36.0,
            37.0
        ],
        "magnitude": [
            0.006,
            0.009,
            0.005,
            0.006,
            0.006,
            0.01,
            0.005,
            0.006,
            0.011,
            0.007,
            0.011,
            0.005,
            0.007,
            0.009
        ]
    },
    {
        "timestamp": 1713701520,
        "frequency": [
            4.0,
            5.0,
            6.0,
            8.0,
            15.0,
            19.0,
            25.0,
            30.0,
            31.0,
            32.0,
            35.0,
            37.0,
            38.0
        ],
        "magnitude": [
            0.008,
            0.021,
            0.009,
            0.006,
            0.007,
            0.005,
            0.007,
            0.01,
            0.005,
            0.006,
            0.006,
            0.006,
            0.014
        ]
    },
    {
        "timestamp": 1713701545,
        "frequency": [
            7.0,
            8.0,
            18.0,
            27.0,
            28.0,
            30.0,
            61.0
        ],
        "magnitude": [
            0.006,
            0.008,
            0.008,
            0.006,
            0.01,
            0.006,
            0.011
        ]
    },
    {
        "timestamp": 1713701570,
        "frequency": [
            1.0,
            2.0,
            3.0,
            4.0,
            5.0,
            7.0,
            8.0,
            10.0,
            12.0,
            13.0,
            14.0,
            15.0,
            16.0,
            19.0,
            21.0,
            28.0,
            30.0,
            31.0,
            33.0,
            34.0,
            35.0,
            37.0,
            42.0,
            53.0
        ],
        "magnitude": [
            0.018,
            0.032,
            0.015,
            0.006,
            0.01,
            0.006,
            0.008,
            0.006,
            0.005,
            0.006,
            0.006,
            0.007,
            0.006,
            0.007,
            0.007,
            0.006,
            0.005,
            0.01,
            0.007,
            0.008,
            0.013,
            0.008,
            0.006,
            0.006
        ]
    },
    {
        "timestamp": 1713701595,
        "frequency": [
            4.0,
            29.0,
            31.0,
            32.0,
            34.0,
            50.0,
            54.0,
            60.0,
            61.0,
            63.0
        ],
        "magnitude": [
            0.007,
            0.006,
            0.012,
            0.011,
            0.005,
            0.005,
            0.006,
            0.006,
            0.005,
            0.005
        ]
    },
    {
        "timestamp": 1713701630,
        "frequency": [
            2.0,
            3.0,
            5.0,
            7.0,
            8.0,
            10.0,
            11.0,
            15.0,
            16.0,
            17.0,
            18.0,
            22.0,
            23.0,
            27.0,
            28.0,
            29.0,
            30.0,
            31.0,
            34.0,
            36.0,
            37.0,
            38.0,
            40.0,
            41.0,
            42.0,
            43.0
        ],
        "magnitude": [
            0.007,
            0.007,
            0.008,
            0.006,
            0.006,
            0.008,
            0.01,
            0.011,
            0.011,
            0.009,
            0.01,
            0.008,
            0.009,
            0.013,
            0.011,
            0.014,
            0.01,
            0.006,
            0.005,
            0.009,
            0.017,
            0.009,
            0.006,
            0.005,
            0.005,
            0.005
        ]
    },
    {
        "timestamp": 1713701645,
        "frequency": [
            3.0,
            4.0,
            5.0,
            6.0,
            7.0,
            8.0,
            29.0,
            36.0,
            37.0,
            38.0,
            39.0
        ],
        "magnitude": [
            0.011,
            0.012,
            0.006,
            0.005,
            0.01,
            0.008,
            0.006,
            0.006,
            0.008,
            0.007,
            0.007
        ]
    },
    {
        "timestamp": 1713701669,
        "frequency": [
            5.0,
            7.0,
            29.0
        ],
        "magnitude": [
            0.007,
            0.006,
            0.006
        ]
    },
    {
        "timestamp": 1713701694,
        "frequency": [
            4.0,
            31.0,
            32.0,
            33.0,
            34.0
        ],
        "magnitude": [
            0.006,
            0.006,
            0.014,
            0.007,
            0.006
        ]
    }
]