[
    {
        "timestamp": 1715245440,
        "index": [
            0,
            5,
            10,
            15,
            20,
            25,
            30,
            35,
            40,
            45,
            50,
            55,
            60,
            65,
            70,
            75,
            80,
            85,
            90,
            95,
            100,
            105,
            110,
            115,
            120,
            125,
            130,
            135,
            140,
            145,
            150,
            155,
            160,
            165,
            170,
            175,
            180,
            185,
            190,
            195,
            200,
            205,
            210,
            215,
            220,
            225,
            230,
            235,
            240,
            245,
            250,
            255,
            260,
            265,
            270,
            275,
            280
        ],
        "accelx": [
            1.7881,
            3.5205,
            -0.0977,
            -0.0889,
            -0.1025,
            -0.0918,
            -0.0693,
            -0.0918,
            -0.0879,
            -0.0781,
            -0.0918,
            -0.1035,
            -0.0791,
            -0.1035,
            -0.1055,
            -0.0918,
            -0.0869,
            -0.0977,
            -0.0937,
            -0.0869,
            -0.0859,
            -0.0781,
            -0.0918,
            -0.1045,
            -0.1055,
            -0.0937,
            -0.0957,
            -0.0859,
            -0.0879,
            -0.1084,
            -0.0918,
            -0.085,
            -0.0889,
            -0.0977,
            -0.084,
            -0.0967,
            -0.0908,
            -0.084,
            -0.0947,
            -0.0752,
            -0.0918,
            1.0061,
            -0.0232,
            -0.0251,
            -0.0251,
            -0.0217,
            -0.0247,
            -0.0247,
            -0.0227,
            -0.0247,
            -0.0232,
            -0.0276,
            -0.0229,
            -0.0234,
            -0.0234,
            -0.0186,
            -0.0247
        ],
        "accely": [
            -1.4521,
            -2.875,
            -0.1172,
            -0.1348,
            -0.1445,
            -0.1553,
            -0.1406,
            -0.1387,
            -0.1514,
            -0.1484,
            -0.1455,
            -0.1348,
            -0.1504,
            -0.1348,
            -0.1357,
            -0.1387,
            -0.1465,
            -0.1387,
            -0.126,
            -0.1289,
            -0.1426,
            -0.1309,
            -0.1328,
            -0.1514,
            -0.1514,
            -0.1475,
            -0.1357,
            -0.1318,
            -0.1357,
            -0.1377,
            -0.1396,
            -0.1387,
            -0.1426,
            -0.1357,
            -0.123,
            -0.1436,
            -0.1318,
            -0.1377,
            -0.1436,
            -0.1387,
            -0.1475,
            -0.7197,
            -0.0325,
            -0.0344,
            -0.0347,
            -0.0342,
            -0.0356,
            -0.0337,
            -0.0352,
            -0.0356,
            -0.0349,
            -0.0339,
            -0.0369,
            -0.0386,
            -0.0364,
            -0.0378,
            -0.032
        ],
        "accelz": [
            2.2051,
            3.0293,
            3.9941,
            3.999,
            3.9717,
            3.9805,
            3.9873,
            4.0283,
            3.9766,
            3.958,
            3.9619,
            3.9687,
            3.957,
            3.9531,
            3.9629,
            3.9736,
            3.9648,
            3.9453,
            3.9453,
            3.9707,
            3.9668,
            3.96,
            3.96,
            3.9727,
            3.9707,
            3.9727,
            3.9736,
            3.9629,
            3.9795,
            3.9697,
            3.9609,
            3.9629,
            3.9668,
            3.9756,
            3.9854,
            3.9756,
            3.9678,
            3.9746,
            3.9736,
            3.9707,
            3.957,
            0.7605,
            0.9968,
            0.9966,
            0.9915,
            0.991,
            0.99,
            0.9897,
            0.9949,
            0.9907,
            0.9951,
            0.9958,
            0.9917,
            0.9941,
            0.9985,
            0.9946,
            0.9915
        ]
    },
    {
        "timestamp": 1715245568,
        "index": [
            0,
            5,
            10,
            15,
            20,
            25,
            30,
            35,
            40,
            45,
            50,
            55,
            60,
            65,
            70,
            75,
            80,
            85,
            90,
            95,
            100,
            105,
            110,
            115,
            120,
            125,
            130,
            135,
            140,
            145,
            150,
            155,
            160,
            165,
            170,
            175,
            180,
            185,
            190,
            195,
            200,
            205,
            210,
            215,
            220,
            225,
            230,
            235,
            240,
            245,
            250,
            255,
            260,
            265,
            270,
            275,
            280
        ],
        "accelx": [
            1.8232,
            3.5449,
            0.0049,
            -0.0068,
            -0.0391,
            -0.0303,
            -0.0596,
            -0.0879,
            -0.1035,
            -0.1143,
            -0.1211,
            -0.0889,
            -0.0693,
            -0.04,
            -0.0107,
            -0.001,
            0.0107,
            0.0244,
            0.04,
            0.084,
            0.0859,
            0.0596,
            0.0498,
            0.0361,
            0.0273,
            0.0205,
            0.0146,
            0.0166,
            0.0156,
            0.0107,
            0.0098,
            -0.0088,
            -0.0107,
            -0.0254,
            0.0078,
            0.0117,
            0.0342,
            0.0,
            -0.0078,
            -0.0166,
            0.0059,
            0.9209,
            0.0056,
            0.0017,
            0.0027,
            0.0017,
            -0.0081,
            -0.0156,
            -0.0254,
            -0.0347,
            -0.0405,
            -0.0493,
            -0.0588,
            -0.0669,
            -0.0693,
            -0.0691,
            -0.0723
        ],
        "accely": [
            -1.4209,
            -2.8799,
            -0.1836,
            -0.1924,
            -0.2109,
            -0.2383,
            -0.2471,
            -0.2461,
            -0.2041,
            -0.1582,
            -0.0957,
            -0.0293,
            0.0059,
            0.0361,
            0.0645,
            0.1201,
            0.1445,
            0.1768,
            0.166,
            0.1182,
            0.0596,
            0.0098,
            -0.0498,
            -0.0791,
            -0.1006,
            -0.1094,
            -0.1436,
            -0.1377,
            -0.123,
            -0.1338,
            -0.1045,
            -0.1016,
            -0.1045,
            -0.1016,
            -0.1211,
            -0.127,
            -0.127,
            -0.1094,
            -0.124,
            -0.0967,
            -0.0898,
            -0.7571,
            -0.0239,
            -0.0344,
            -0.0378,
            -0.0459,
            -0.0505,
            -0.05,
            -0.0439,
            -0.04,
            -0.0381,
            -0.0356,
            -0.0286,
            -0.0264,
            -0.0237,
            -0.0244,
            -0.0259
        ],
        "accelz": [
            2.3682,
            2.9219,
            3.292,
            3.3447,
            3.4395,
            3.5381,
            3.6924,
            3.8027,
            3.9043,
            3.9922,
            4.0693,
            4.1309,
            4.1729,
            4.1904,
            4.1816,
            4.165,
            4.1396,
            4.1172,
            4.0996,
            4.0977,
            4.1152,
            4.1084,
            4.1299,
            4.1377,
            4.1611,
            4.166,
            4.1445,
            4.1123,
            4.0723,
            4.0195,
            3.9707,
            3.8926,
            3.8223,
            3.7656,
            3.7021,
            3.6797,
            3.6777,
            3.6904,
            3.6943,
            3.6934,
            3.6914,
            0.6919,
            0.9309,
            0.9285,
            0.9321,
            0.9407,
            0.9502,
            0.9626,
            0.9727,
            0.98,
            0.9844,
            0.9856,
            0.9851,
            0.9871,
            0.9849,
            0.9829,
            0.9797
        ]
    },
    {
        "timestamp": 1715246208,
        "index": [
            0,
            5,
            10,
            15,
            20,
            25,
            30,
            35,
            40,
            45,
            50,
            55,
            60,
            65,
            70,
            75,
            80,
            85,
            90,
            95,
            100,
            105,
            110,
            115,
            120,
            125,
            130,
            135,
            140,
            145,
            150,
            155,
            160,
            165,
            170,
            175,
            180,
            185,
            190,
            195,
            200,
            205,
            210,
            215,
            220,
            225,
            230,
            235,
            240,
            245,
            250,
            255,
            260,
            265,
            270,
            275,
            280
        ],
        "accelx": [
            1.792,
            3.5244,
            -0.123,
            -0.0957,
            -0.0898,
            -0.1084,
            -0.0703,
            -0.0615,
            -0.0937,
            -0.1084,
            -0.0996,
            -0.0898,
            -0.0869,
            -0.0986,
            -0.0937,
            -0.0811,
            -0.0859,
            -0.0811,
            -0.0869,
            -0.0898,
            -0.0742,
            -0.1025,
            -0.1074,
            -0.0977,
            -0.0967,
            -0.0762,
            -0.0762,
            -0.1045,
            -0.0947,
            -0.0859,
            -0.0859,
            -0.1035,
            -0.0937,
            -0.1064,
            -0.0918,
            -0.1104,
            -0.0967,
            -0.0859,
            -0.0977,
            -0.1035,
            -0.1055,
            0.916,
            -0.0227,
            -0.0227,
            -0.0247,
            -0.0242,
            -0.0232,
            -0.0261,
            -0.0264,
            -0.0249,
            -0.0256,
            -0.0239,
            -0.0208,
            -0.0215,
            -0.0249,
            -0.0278,
            -0.0239
        ],
        "accely": [
            -1.4404,
            -2.8828,
            -0.1758,
            -0.124,
            -0.1045,
            -0.1279,
            -0.1387,
            -0.165,
            -0.1758,
            -0.1689,
            -0.1367,
            -0.1338,
            -0.1426,
            -0.1396,
            -0.1533,
            -0.167,
            -0.1562,
            -0.1318,
            -0.1367,
            -0.1484,
            -0.165,
            -0.1562,
            -0.1416,
            -0.1504,
            -0.1582,
            -0.1436,
            -0.1543,
            -0.1523,
            -0.1318,
            -0.1396,
            -0.1572,
            -0.1602,
            -0.1504,
            -0.1553,
            -0.1357,
            -0.1504,
            -0.1514,
            -0.1377,
            -0.1436,
            -0.1494,
            -0.1465,
            -0.7554,
            -0.0369,
            -0.0337,
            -0.0366,
            -0.0422,
            -0.0364,
            -0.0356,
            -0.0347,
            -0.0359,
            -0.033,
            -0.0391,
            -0.0344,
            -0.0398,
            -0.0386,
            -0.0393,
            -0.0352
        ],
        "accelz": [
            2.1768,
            3.0293,
            3.8691,
            4.0439,
            4.2764,
            4.2256,
            4.0234,
            3.8467,
            3.8047,
            3.8965,
            3.9336,
            3.96,
            3.9844,
            4.0234,
            4.0264,
            3.9355,
            3.8896,
            3.9375,
            4.0293,
            4.0596,
            4.0449,
            3.9727,
            3.9854,
            3.916,
            3.9004,
            3.8652,
            3.9121,
            3.9961,
            4.0439,
            4.0674,
            4.0332,
            3.9834,
            3.9727,
            3.9424,
            3.9561,
            3.9531,
            3.9307,
            3.9619,
            3.9922,
            4.0391,
            4.0342,
            0.7019,
            0.9949,
            0.9807,
            0.9797,
            0.9783,
            0.9929,
            1.0059,
            1.0151,
            1.0071,
            0.9941,
            0.9893,
            0.9888,
            0.9844,
            0.9868,
            0.9941,
            0.9941
        ]
    },
    {
        "timestamp": 1715247872,
        "index": [
            0,
            5,
            10,
            15,
            20,
            25,
            30,
            35,
            40,
            45,
            50,
            55,
            60,
            65,
            70,
            75,
            80
        ],
        "accelx": [
            0.2854,
            1.7029,
            -0.0251,
            -0.0212,
            -0.0249,
            -0.0242,
            -0.0264,
            -0.0261,
            -0.0232,
            -0.0227,
            -0.0251,
            -0.02,
            -0.021,
            -0.0254,
            -0.0217,
            -0.0229,
            -0.0239
        ],
        "accely": [
            -0.3005,
            -1.4492,
            -0.0356,
            -0.0391,
            -0.0383,
            -0.0386,
            -0.0349,
            -0.0398,
            -0.0366,
            -0.0381,
            -0.0386,
            -0.0354,
            -0.0391,
            -0.0356,
            -0.0349,
            -0.0371,
            -0.0337
        ],
        "accelz": [
            1.4539,
            7.9998,
            0.9814,
            0.9998,
            0.9973,
            1.0017,
            1.0005,
            0.9995,
            0.9993,
            0.9958,
            0.9976,
            1.0007,
            1.0015,
            0.9988,
            1.001,
            1.0002,
            0.998
        ]
    },
    {
        "timestamp": 1715248000,
        "index": [
            0,
            5,
            10,
            15,
            20,
            25,
            30,
            35,
            40,
            45,
            50,
            55,
            60,
            65,
            70,
            75,
            80,
            85,
            90,
            95,
            100,
            105,
            110,
            115,
            120,
            125,
            130,
            135,
            140,
            145,
            150,
            155,
            160,
            165,
            170,
            175
        ],
        "accelx": [
            0.6743,
            2.0095,
            -1.0103,
            0.4949,
            0.0508,
            -0.3306,
            -0.1047,
            -0.063,
            -0.1462,
            -0.1055,
            -0.0383,
            0.321,
            0.6912,
            0.0439,
            0.3813,
            -0.0068,
            0.1316,
            0.2397,
            -0.2959,
            0.2302,
            0.0535,
            -0.2744,
            -0.0247,
            -0.0232,
            -0.0247,
            -0.0215,
            -0.0222,
            -0.0232,
            -0.022,
            -0.0212,
            -0.0225,
            -0.0205,
            -0.0195,
            -0.022,
            -0.0208,
            -0.0239
        ],
        "accely": [
            -1.0735,
            -0.3076,
            0.7964,
            -0.1848,
            -0.3303,
            -0.2498,
            0.2446,
            -0.365,
            0.5022,
            -0.0894,
            0.0835,
            -0.0554,
            -0.2622,
            -0.2993,
            -0.6511,
            -0.3916,
            0.3367,
            -0.2861,
            0.2087,
            0.0901,
            -0.2166,
            -0.0879,
            -0.0376,
            -0.0371,
            -0.0388,
            -0.041,
            -0.0356,
            -0.0347,
            -0.0378,
            -0.0352,
            -0.0359,
            -0.0349,
            -0.0393,
            -0.0352,
            -0.0405,
            -0.0352
        ],
        "accelz": [
            2.3813,
            7.9998,
            1.6055,
            4.3457,
            2.8835,
            -0.8552,
            -0.2368,
            -0.2534,
            -0.5305,
            -0.7502,
            0.9006,
            1.7708,
            1.5298,
            -0.136,
            6.5081,
            2.7778,
            0.01,
            0.4495,
            -1.2161,
            2.7009,
            1.1399,
            -1.032,
            1.0032,
            0.9934,
            0.9983,
            0.9666,
            0.9951,
            0.9983,
            0.9995,
            1.0,
            0.9993,
            0.9985,
            0.9976,
            0.9995,
            1.001,
            0.9971
        ]
    },
    {
        "timestamp": 1715248000,
        "index": [
            0,
            5,
            10,
            15,
            20,
            25,
            30,
            35,
            40,
            45,
            50,
            55,
            60,
            65,
            70,
            75,
            80,
            85,
            90,
            95,
            100,
            105,
            110,
            115,
            120,
            125,
            130,
            135,
            140,
            145,
            150,
            155,
            160,
            165,
            170,
            175,
            180
        ],
        "accelx": [
            -1.5708,
            0.6289,
            -0.1077,
            -0.0684,
            0.5754,
            0.1729,
            -0.3618,
            0.1519,
            -0.0247,
            -0.0093,
            0.2395,
            -0.0247,
            -0.146,
            -0.093,
            0.0125,
            0.0046,
            -0.0103,
            -0.0642,
            -0.0117,
            0.0049,
            -0.0227,
            -0.0171,
            -0.0613,
            -0.0103,
            0.0205,
            -0.0454,
            -0.0378,
            -0.0132,
            -0.0151,
            -0.0293,
            -0.0339,
            -0.0176,
            -0.0125,
            -0.0295,
            -0.0264,
            -0.03,
            -0.0146
        ],
        "accely": [
            2.1287,
            -0.9312,
            0.1592,
            0.3489,
            -0.0076,
            -0.4277,
            -0.2654,
            0.2302,
            0.127,
            0.2832,
            -0.0667,
            -0.0625,
            -0.1216,
            0.0295,
            0.0378,
            -0.0359,
            -0.0535,
            -0.105,
            -0.0312,
            -0.0132,
            -0.0256,
            -0.0605,
            -0.0796,
            -0.0269,
            -0.0103,
            -0.033,
            -0.0559,
            -0.0569,
            -0.0291,
            -0.0327,
            -0.0315,
            -0.0486,
            -0.0391,
            -0.0305,
            -0.0391,
            -0.0371,
            -0.0356
        ],
        "accelz": [
            3.9382,
            5.0674,
            0.7405,
            2.4109,
            3.1865,
            0.4216,
            -1.1794,
            2.7988,
            1.3879,
            1.1299,
            0.9089,
            0.7446,
            1.0913,
            0.7939,
            0.8457,
            0.8611,
            1.0503,
            1.1143,
            1.001,
            0.9973,
            0.937,
            1.1033,
            1.0134,
            0.9609,
            1.0701,
            0.9932,
            1.0383,
            0.9553,
            0.9802,
            1.0054,
            0.9866,
            1.0059,
            1.0071,
            1.0234,
            1.019,
            0.9797,
            0.9707
        ]
    },
    {
        "timestamp": 1715248128,
        "index": [
            0,
            5,
            10,
            15,
            20,
            25,
            30,
            35,
            40,
            45,
            50,
            55,
            60,
            65,
            70,
            75,
            80,
            85,
            90,
            95,
            100,
            105,
            110,
            115,
            120,
            125,
            130,
            135,
            140,
            145,
            150,
            155,
            160,
            165,
            170
        ],
        "accelx": [
            0.6135,
            -0.2087,
            0.271,
            -0.3508,
            -0.2625,
            0.1462,
            0.1179,
            0.124,
            0.2241,
            -0.1477,
            -0.345,
            0.011,
            0.1138,
            -0.1101,
            0.1675,
            -0.093,
            0.0427,
            0.0229,
            -0.0127,
            -0.0364,
            -0.009,
            0.0188,
            -0.0215,
            -0.0571,
            -0.022,
            0.0103,
            -0.0276,
            -0.0364,
            -0.0239,
            -0.0254,
            -0.0234,
            -0.04,
            -0.0322,
            -0.0105,
            -0.0117
        ],
        "accely": [
            -0.2329,
            -0.209,
            0.7344,
            0.1731,
            0.5647,
            0.3943,
            -0.1189,
            -0.4763,
            -0.4409,
            0.2358,
            0.2268,
            0.2083,
            -0.0696,
            -0.2432,
            -0.0674,
            0.0503,
            0.0708,
            -0.0217,
            -0.0645,
            -0.1902,
            -0.0581,
            0.0149,
            -0.0081,
            -0.0149,
            -0.1033,
            -0.0579,
            -0.0134,
            -0.0061,
            -0.041,
            -0.0742,
            -0.0398,
            -0.0166,
            -0.0208,
            -0.0425,
            -0.05
        ],
        "accelz": [
            4.1436,
            6.822,
            -0.5698,
            -2.4417,
            -0.7292,
            -0.0691,
            -0.3174,
            0.6167,
            3.0088,
            0.8108,
            0.875,
            0.4629,
            0.2651,
            0.5852,
            1.5273,
            0.9851,
            1.2007,
            1.0786,
            1.083,
            1.1072,
            0.9153,
            1.0308,
            1.0388,
            1.0659,
            1.0195,
            1.012,
            1.0347,
            1.0269,
            1.0095,
            0.9329,
            0.9485,
            0.9944,
            1.0054,
            1.0291,
            0.9966
        ]
    },
    {
        "timestamp": 1715248256,
        "index": [
            0,
            5,
            10,
            15,
            20,
            25,
            30,
            35,
            40,
            45,
            50,
            55,
            60,
            65,
            70,
            75,
            80,
            85,
            90,
            95,
            100,
            105,
            110,
            115,
            120,
            125,
            130,
            135,
            140,
            145,
            150,
            155,
            160,
            165,
            170,
            175,
            180,
            185,
            190,
            195,
            200,
            205,
            210,
            215,
            220,
            225,
            230,
            235,
            240,
            245,
            250,
            255,
            260,
            265,
            270,
            275,
            280,
            285,
            290,
            295,
            300,
            305,
            310,
            315,
            320,
            325,
            330,
            335,
            340,
            345,
            350,
            355,
            360
        ],
        "accelx": [
            0.3718,
            -1.3171,
            -0.0933,
            -0.4258,
            -0.0674,
            0.5649,
            0.2695,
            -0.2542,
            0.1345,
            -0.1099,
            -0.0051,
            0.1594,
            -0.0684,
            0.1055,
            -0.075,
            0.0388,
            -0.0732,
            -0.0344,
            -0.019,
            -0.0364,
            -0.0205,
            -0.0322,
            -0.012,
            -0.0383,
            -0.0244,
            -0.0029,
            -0.0544,
            -0.0271,
            -0.0168,
            -0.0354,
            -0.02,
            -0.0361,
            -0.0127,
            -0.0225,
            -0.0344,
            -0.0188,
            -0.0195,
            -0.0146,
            -0.0291,
            -0.0276,
            -0.0244,
            -0.0212,
            -0.0271,
            -0.0251,
            -0.0171,
            -0.0151,
            -0.0237,
            -0.0254,
            -0.0308,
            -0.0227,
            -0.0247,
            -0.0264,
            -0.0227,
            -0.0247,
            -0.0264,
            -0.0232,
            -0.0178,
            -0.0256,
            -0.0251,
            -0.0256,
            -0.0266,
            -0.0237,
            -0.02,
            -0.0198,
            -0.0254,
            -0.02,
            -0.0227,
            -0.0222,
            -0.0254,
            -0.0256,
            -0.0212,
            -0.0234,
            -0.0256
        ],
        "accely": [
            -0.2241,
            1.9177,
            -0.0222,
            0.2566,
            0.2788,
            -0.3596,
            -0.418,
            -0.1255,
            0.3733,
            0.1133,
            0.1985,
            -0.1543,
            -0.1838,
            -0.1255,
            0.0039,
            -0.0164,
            -0.0337,
            -0.0271,
            -0.071,
            -0.0366,
            -0.0288,
            -0.0374,
            -0.0522,
            -0.0784,
            -0.0393,
            -0.0002,
            -0.0129,
            -0.0422,
            -0.0613,
            -0.0654,
            -0.0503,
            -0.0359,
            -0.0295,
            -0.0142,
            -0.0203,
            -0.0452,
            -0.0605,
            -0.0603,
            -0.0442,
            -0.0256,
            -0.0146,
            -0.0259,
            -0.0374,
            -0.0532,
            -0.0513,
            -0.0452,
            -0.0359,
            -0.0312,
            -0.0259,
            -0.0281,
            -0.0386,
            -0.0447,
            -0.0454,
            -0.0435,
            -0.0356,
            -0.0298,
            -0.0286,
            -0.0325,
            -0.0388,
            -0.0474,
            -0.0498,
            -0.0396,
            -0.0344,
            -0.0315,
            -0.0264,
            -0.0376,
            -0.0466,
            -0.0425,
            -0.043,
            -0.0369,
            -0.0312,
            -0.0334,
            -0.0388
        ],
        "accelz": [
            1.0857,
            7.9998,
            1.303,
            -0.1836,
            2.4954,
            3.1389,
            0.4265,
            -0.7021,
            0.9822,
            0.6948,
            1.5369,
            1.3804,
            1.2173,
            1.2847,
            0.4595,
            0.9277,
            0.9531,
            1.2192,
            1.2905,
            0.9463,
            0.9531,
            0.7839,
            0.8491,
            0.9136,
            1.0125,
            1.2695,
            1.1609,
            1.0618,
            0.8499,
            0.7568,
            0.8459,
            0.9124,
            1.1335,
            1.2251,
            1.1729,
            1.0073,
            0.8274,
            0.8115,
            0.8657,
            1.0173,
            1.1279,
            1.1616,
            1.1035,
            0.9861,
            0.9045,
            0.8831,
            0.9392,
            1.0317,
            1.0864,
            1.0928,
            1.0354,
            0.9646,
            0.9053,
            0.9009,
            0.9512,
            1.0291,
            1.0977,
            1.1011,
            1.0376,
            0.9612,
            0.908,
            0.9075,
            0.9573,
            1.0291,
            1.0723,
            1.0684,
            1.0249,
            0.98,
            0.9478,
            0.9558,
            0.9871,
            1.012,
            1.0229
        ]
    },
    {
        "timestamp": 1715248896,
        "index": [
            0,
            5,
            10,
            15,
            20,
            25,
            30,
            35,
            40,
            45,
            50,
            55,
            60,
            65,
            70,
            75,
            80,
            85,
            90,
            95,
            100,
            105,
            110,
            115,
            120,
            125,
            130,
            135,
            140,
            145,
            150,
            155,
            160,
            165,
            170,
            175,
            180
        ],
        "accelx": [
            0.0667,
            0.5137,
            -0.5691,
            0.6018,
            1.3379,
            0.7576,
            0.5095,
            0.165,
            0.3159,
            0.0854,
            -0.3293,
            0.6228,
            -0.7734,
            -0.7068,
            0.0903,
            0.3577,
            0.2996,
            0.053,
            -0.3101,
            -0.1013,
            -0.3513,
            -0.3425,
            0.1379,
            0.0657,
            0.1277,
            0.1716,
            0.1492,
            0.0684,
            0.043,
            0.0352,
            0.105,
            0.0916,
            0.0068,
            -0.0281,
            -0.0249,
            -0.0234,
            -0.0244
        ],
        "accely": [
            -0.1287,
            -0.4019,
            0.0161,
            1.0955,
            0.8325,
            0.4517,
            0.113,
            -0.2913,
            -0.0444,
            -0.158,
            -0.2107,
            -1.1426,
            -1.231,
            0.4128,
            -0.0437,
            -1.4602,
            -0.8254,
            -0.3401,
            -0.0891,
            -0.2773,
            -0.2974,
            -0.3047,
            0.0828,
            0.0415,
            0.0664,
            0.0342,
            -0.0522,
            -0.0413,
            -0.0378,
            -0.0386,
            -0.0374,
            -0.0447,
            -0.0496,
            -0.0388,
            -0.0381,
            -0.0381,
            -0.0422
        ],
        "accelz": [
            -0.0278,
            7.9998,
            7.3967,
            7.9998,
            7.9998,
            6.4336,
            3.0732,
            -0.1704,
            -0.2129,
            -0.9929,
            -1.5784,
            -2.6152,
            -1.1006,
            -4.6077,
            -1.2808,
            -1.0256,
            1.3125,
            1.3862,
            0.9902,
            3.533,
            2.7058,
            2.2832,
            1.0242,
            0.9583,
            0.9729,
            0.9377,
            0.9741,
            0.9971,
            0.9985,
            1.0012,
            0.9912,
            0.9907,
            1.0007,
            1.0393,
            0.9963,
            0.9988,
            1.0
        ]
    },
    {
        "timestamp": 1715249536,
        "index": [
            0,
            5,
            10,
            15,
            20,
            25,
            30,
            35,
            40,
            45,
            50,
            55,
            60,
            65,
            70,
            75,
            80,
            85,
            90,
            95,
            100,
            105,
            110,
            115,
            120,
            125,
            130,
            135,
            140,
            145,
            150,
            155,
            160
        ],
        "accelx": [
            0.5115,
            -0.5979,
            0.0898,
            0.0518,
            -0.1008,
            -0.0393,
            -0.0315,
            -0.0356,
            -0.0312,
            -0.021,
            -0.0107,
            -0.0159,
            -0.0208,
            -0.0325,
            -0.042,
            -0.0508,
            -0.0518,
            -0.0627,
            -0.0674,
            -0.0754,
            -0.0779,
            -0.0754,
            -0.0967,
            -0.1018,
            -0.1072,
            -0.1128,
            -0.1021,
            -0.0974,
            -0.0894,
            -0.0903,
            -0.084,
            -0.0825,
            -0.0737
        ],
        "accely": [
            -0.0891,
            0.0598,
            -0.0305,
            0.0029,
            -0.0225,
            -0.1304,
            -0.1155,
            -0.1096,
            -0.0798,
            -0.0393,
            -0.0005,
            0.0396,
            0.0789,
            0.1147,
            0.1453,
            0.1577,
            0.1501,
            0.1265,
            0.0913,
            0.0615,
            0.0405,
            0.0344,
            0.0376,
            0.0474,
            0.0525,
            0.0598,
            0.0544,
            0.042,
            0.0178,
            0.0085,
            0.0017,
            0.0007,
            -0.0022
        ],
        "accelz": [
            4.97,
            7.9998,
            1.0652,
            1.0923,
            1.0493,
            0.9614,
            0.9702,
            0.9746,
            0.9832,
            1.0044,
            1.0142,
            1.0149,
            1.0242,
            1.0442,
            1.083,
            1.1262,
            1.137,
            1.1189,
            1.0654,
            1.0137,
            0.9871,
            0.9797,
            0.946,
            0.9536,
            0.9546,
            0.9629,
            0.9744,
            0.9719,
            0.9846,
            1.0,
            1.0049,
            1.0068,
            1.0112
        ]
    },
    {
        "timestamp": 1715249536,
        "index": [
            0,
            5,
            10,
            15,
            20,
            25,
            30,
            35,
            40,
            45,
            50,
            55,
            60,
            65,
            70,
            75,
            80,
            85,
            90,
            95,
            100,
            105
        ],
        "accelx": [
            0.167,
            0.7019,
            -0.0679,
            1.134,
            1.3899,
            0.2783,
            0.2322,
            0.0483,
            0.187,
            0.3596,
            0.3096,
            0.1921,
            0.0994,
            -0.021,
            -0.0757,
            -0.1106,
            -0.0806,
            -0.0664,
            -0.0393,
            -0.03,
            -0.0237,
            -0.0095
        ],
        "accely": [
            -0.1125,
            0.7419,
            1.0754,
            0.1948,
            -0.2312,
            -0.3367,
            -0.3486,
            -0.1943,
            -0.292,
            -0.2764,
            -0.363,
            -0.2395,
            -0.26,
            -0.1411,
            -0.1907,
            -0.1179,
            -0.1445,
            -0.1143,
            -0.1311,
            -0.1255,
            -0.1201,
            -0.1213
        ],
        "accelz": [
            0.3755,
            7.9998,
            7.9998,
            7.9998,
            7.9998,
            2.7981,
            2.0171,
            0.583,
            -0.2563,
            0.4041,
            0.2522,
            0.1433,
            0.1318,
            0.2207,
            0.1538,
            0.2131,
            0.2007,
            0.1919,
            0.2048,
            0.2117,
            0.2241,
            0.2224
        ]
    },
    {
        "timestamp": 1715250688,
        "index": [
            0,
            5,
            10,
            15,
            20,
            25,
            30,
            35,
            40,
            45,
            50,
            55,
            60,
            65,
            70,
            75,
            80,
            85,
            90,
            95,
            100
        ],
        "accelx": [
            -0.04,
            1.7305,
            -0.0564,
            0.3767,
            0.4509,
            -0.02,
            0.3169,
            0.2285,
            0.2705,
            -0.1001,
            -0.0999,
            -0.2473,
            -0.355,
            -0.502,
            -0.4565,
            -0.5063,
            -0.4604,
            -0.4146,
            -0.3508,
            -0.3125,
            -0.2744
        ],
        "accely": [
            -0.0266,
            1.1201,
            -0.6707,
            -0.2764,
            -0.197,
            -0.0366,
            -0.4209,
            -0.063,
            -0.2375,
            0.0103,
            0.0034,
            0.1343,
            0.146,
            0.2544,
            0.2371,
            0.2224,
            0.1738,
            0.1104,
            0.0469,
            -0.0066,
            -0.0444
        ],
        "accelz": [
            0.4612,
            7.9998,
            4.5264,
            3.3557,
            0.8713,
            1.1958,
            0.4617,
            -0.27,
            0.3604,
            0.2334,
            0.3279,
            0.3943,
            0.7551,
            0.5867,
            0.7354,
            0.6379,
            0.7634,
            0.6274,
            0.604,
            0.574,
            0.5334
        ]
    },
    {
        "timestamp": 1715250688,
        "index": [
            0,
            5,
            10,
            15,
            20,
            25,
            30,
            35,
            40,
            45,
            50,
            55,
            60,
            65,
            70,
            75,
            80,
            85,
            90,
            95,
            100,
            105,
            110,
            115,
            120,
            125,
            130,
            135,
            140,
            145,
            150,
            155
        ],
        "accelx": [
            -0.0034,
            0.5537,
            0.4197,
            0.2598,
            0.5461,
            0.2085,
            0.6777,
            0.1782,
            0.3684,
            0.3567,
            0.157,
            0.0959,
            -0.0635,
            -0.1348,
            -0.1541,
            -0.179,
            -0.1636,
            -0.1482,
            -0.156,
            -0.147,
            -0.1572,
            -0.1472,
            -0.1245,
            -0.1191,
            -0.1116,
            -0.0991,
            -0.1025,
            -0.0911,
            -0.0815,
            -0.0652,
            -0.0544,
            -0.0508
        ],
        "accely": [
            0.075,
            -0.7227,
            0.5283,
            1.2375,
            0.1382,
            -0.146,
            -0.2278,
            -0.0193,
            -0.0164,
            -0.1565,
            -0.021,
            0.0664,
            0.1531,
            0.1091,
            0.1077,
            0.0471,
            -0.002,
            -0.0706,
            -0.115,
            -0.1682,
            -0.2095,
            -0.2478,
            -0.2739,
            -0.2908,
            -0.2969,
            -0.2935,
            -0.2883,
            -0.2788,
            -0.2659,
            -0.2466,
            -0.2168,
            -0.1885
        ],
        "accelz": [
            0.5459,
            7.9998,
            6.02,
            1.4482,
            0.9141,
            1.0903,
            2.5757,
            -0.3103,
            0.4407,
            1.0273,
            1.0168,
            1.2439,
            1.2156,
            1.2896,
            1.459,
            1.083,
            1.1001,
            1.0713,
            0.9607,
            0.9734,
            0.947,
            0.8923,
            0.9199,
            0.9001,
            0.9211,
            0.9443,
            0.9263,
            0.927,
            0.9102,
            0.8992,
            0.9114,
            0.9246
        ]
    },
    {
        "timestamp": 1715251456,
        "index": [
            0,
            5,
            10,
            15,
            20,
            25,
            30,
            35,
            40,
            45,
            50,
            55,
            60,
            65,
            70,
            75,
            80,
            85,
            90,
            95,
            100,
            105,
            110,
            115,
            120,
            125,
            130,
            135,
            140,
            145,
            150,
            155,
            160,
            165,
            170,
            175,
            180,
            185,
            190,
            195,
            200,
            205,
            210,
            215,
            220,
            225,
            230,
            235,
            240,
            245,
            250,
            255,
            260,
            265,
            270,
            275,
            280,
            285
        ],
        "accelx": [
            0.0977,
            0.3772,
            -0.9006,
            0.1221,
            -0.2983,
            -0.3755,
            0.0037,
            -0.2458,
            0.1826,
            -0.0798,
            -0.1843,
            0.3323,
            -0.1968,
            -0.0933,
            -0.0239,
            -0.054,
            0.0588,
            -0.0291,
            -0.02,
            -0.0405,
            -0.0322,
            -0.0098,
            0.0059,
            -0.0247,
            -0.0422,
            -0.0081,
            -0.011,
            -0.041,
            -0.0283,
            -0.0154,
            -0.0103,
            -0.0232,
            -0.0337,
            -0.0125,
            -0.0332,
            -0.0261,
            -0.0195,
            -0.0178,
            -0.0151,
            -0.0237,
            -0.0222,
            -0.0222,
            -0.0256,
            -0.0183,
            -0.019,
            -0.0171,
            -0.0151,
            -0.0173,
            -0.0203,
            -0.0291,
            -0.0264,
            -0.0244,
            -0.0186,
            -0.0139,
            -0.0171,
            -0.0154,
            -0.0178,
            -0.0256
        ],
        "accely": [
            -0.1814,
            -0.188,
            0.6665,
            0.4624,
            0.6926,
            0.0518,
            -0.0586,
            -0.0981,
            -0.6597,
            -0.0818,
            0.0547,
            -0.0012,
            -0.0637,
            -0.1267,
            0.0376,
            0.011,
            -0.0027,
            -0.0854,
            -0.0764,
            0.0081,
            -0.0122,
            -0.0615,
            -0.0486,
            -0.0591,
            -0.0322,
            -0.0137,
            -0.0249,
            -0.0359,
            -0.0469,
            -0.0447,
            -0.053,
            -0.0471,
            -0.0366,
            -0.0137,
            -0.0212,
            -0.03,
            -0.0518,
            -0.0522,
            -0.0437,
            -0.0388,
            -0.0261,
            -0.0237,
            -0.0347,
            -0.0447,
            -0.0505,
            -0.0474,
            -0.0371,
            -0.032,
            -0.0315,
            -0.0303,
            -0.0325,
            -0.04,
            -0.042,
            -0.0439,
            -0.0432,
            -0.0356,
            -0.0308,
            -0.0293
        ],
        "accelz": [
            1.5881,
            6.5828,
            4.3684,
            -0.1902,
            -1.7456,
            0.5735,
            0.2598,
            -1.0891,
            4.2195,
            1.8457,
            0.6633,
            1.0964,
            0.4812,
            0.9861,
            1.033,
            0.7534,
            0.9214,
            0.8779,
            1.2698,
            1.3267,
            1.064,
            0.8792,
            0.8086,
            0.9163,
            0.9775,
            1.1045,
            1.1692,
            1.1172,
            1.0122,
            0.876,
            0.8447,
            0.8865,
            0.9727,
            1.1519,
            1.1587,
            1.0908,
            0.9609,
            0.863,
            0.8718,
            0.925,
            1.0325,
            1.1064,
            1.1138,
            1.041,
            0.9592,
            0.9163,
            0.9292,
            0.9778,
            1.0488,
            1.0706,
            1.0593,
            1.0042,
            0.9509,
            0.9397,
            0.9436,
            0.9968,
            1.0483,
            1.0737
        ]
    },
    {
        "timestamp": 1715257216,
        "index": [
            0,
            5,
            10,
            15,
            20,
            25,
            30,
            35,
            40,
            45,
            50,
            55,
            60,
            65,
            70,
            75,
            80,
            85,
            90,
            95,
            100
        ],
        "accelx": [
            0.3726,
            0.0322,
            1.0593,
            1.0618,
            0.7507,
            0.583,
            0.4211,
            0.2986,
            0.1995,
            0.1484,
            0.0923,
            0.0371,
            0.0012,
            -0.0378,
            -0.0771,
            -0.0972,
            -0.1096,
            -0.1072,
            -0.1033,
            -0.094,
            -0.0864
        ],
        "accely": [
            0.9526,
            0.6113,
            1.2139,
            1.1069,
            0.3982,
            0.1506,
            0.0542,
            -0.135,
            -0.1067,
            -0.082,
            -0.0491,
            -0.0581,
            -0.0466,
            -0.0496,
            -0.019,
            -0.0188,
            0.0095,
            0.019,
            0.0437,
            0.0442,
            0.064
        ],
        "accelz": [
            3.5413,
            6.3105,
            6.2334,
            5.2434,
            3.2749,
            1.8733,
            0.8596,
            0.4448,
            0.3782,
            0.228,
            0.2266,
            0.1543,
            0.2136,
            0.2632,
            0.3301,
            0.3875,
            0.4514,
            0.48,
            0.5273,
            0.562,
            0.6057
        ]
    },
    {
        "timestamp": 1715257216,
        "index": [
            0,
            5,
            10,
            15,
            20,
            25,
            30,
            35,
            40,
            45,
            50,
            55,
            60,
            65,
            70,
            75,
            80,
            85,
            90,
            95,
            100,
            105
        ],
        "accelx": [
            0.1362,
            0.335,
            0.4216,
            1.3306,
            0.853,
            0.2632,
            0.2349,
            0.1184,
            0.0757,
            0.0183,
            0.0063,
            -0.0056,
            -0.0879,
            -0.1794,
            -0.2537,
            -0.2932,
            -0.3098,
            -0.3071,
            -0.2896,
            -0.2566,
            -0.2334,
            -0.2139
        ],
        "accely": [
            0.0479,
            -0.364,
            1.6348,
            1.667,
            0.8442,
            0.2937,
            -0.1169,
            -0.2231,
            -0.1948,
            -0.2373,
            -0.168,
            -0.2327,
            -0.2234,
            -0.2932,
            -0.2747,
            -0.2839,
            -0.2559,
            -0.2405,
            -0.2009,
            -0.177,
            -0.1389,
            -0.1228
        ],
        "accelz": [
            0.4463,
            7.9998,
            6.1804,
            7.9998,
            6.9656,
            3.6213,
            1.1709,
            0.3567,
            -0.0618,
            -0.0967,
            -0.1643,
            -0.3284,
            -0.3127,
            -0.2344,
            -0.1638,
            -0.1384,
            -0.0955,
            -0.0647,
            0.0056,
            0.0725,
            0.1792,
            0.2847
        ]
    },
    {
        "timestamp": 1715257216,
        "index": [
            0,
            5,
            10,
            15,
            20,
            25,
            30,
            35,
            40,
            45,
            50,
            55,
            60,
            65,
            70,
            75,
            80
        ],
        "accelx": [
            -0.1597,
            0.54,
            -0.0574,
            -0.0588,
            -0.0635,
            -0.0649,
            -0.0688,
            -0.0618,
            -0.0583,
            -0.0508,
            -0.0474,
            -0.043,
            -0.0415,
            -0.0359,
            -0.0388,
            -0.0386,
            -0.042
        ],
        "accely": [
            -0.1379,
            1.9629,
            -0.0537,
            -0.0552,
            -0.0522,
            -0.0496,
            -0.0469,
            -0.0437,
            -0.0483,
            -0.054,
            -0.0693,
            -0.0728,
            -0.0762,
            -0.0786,
            -0.0864,
            -0.0894,
            -0.0947
        ],
        "accelz": [
            0.791,
            7.9998,
            0.9971,
            0.999,
            1.0095,
            1.012,
            1.0178,
            1.0208,
            1.0203,
            1.0178,
            1.02,
            1.0203,
            1.0168,
            1.0112,
            1.0012,
            0.999,
            0.981
        ]
    },
    {
        "timestamp": 1715259008,
        "index": [
            0,
            5,
            10,
            15,
            20,
            25,
            30,
            35,
            40,
            45,
            50,
            55,
            60,
            65,
            70,
            75,
            80,
            85,
            90,
            95,
            100,
            105,
            110,
            115,
            120,
            125,
            130,
            135,
            140,
            145,
            150,
            155,
            160,
            165,
            170,
            175,
            180,
            185,
            190,
            195,
            200,
            205,
            210,
            215,
            220,
            225,
            230,
            235,
            240,
            245,
            250,
            255,
            260,
            265,
            270,
            275,
            280,
            285,
            290,
            295,
            300,
            305,
            310,
            315,
            320,
            325,
            330,
            335
        ],
        "accelx": [
            0.0291,
            0.8862,
            -0.665,
            0.2339,
            0.1216,
            0.2307,
            0.0166,
            -0.093,
            -0.0383,
            0.0139,
            0.0708,
            -0.0947,
            -0.0874,
            -0.2546,
            0.1204,
            -0.011,
            0.0415,
            -0.0432,
            -0.1499,
            0.218,
            -0.1348,
            -0.113,
            0.1174,
            0.0071,
            -0.0251,
            -0.0012,
            -0.1375,
            0.0308,
            0.0244,
            -0.022,
            0.0051,
            -0.0056,
            -0.0212,
            -0.0476,
            -0.0298,
            0.0139,
            -0.0078,
            -0.0088,
            -0.0051,
            -0.0281,
            -0.0288,
            -0.0237,
            -0.0066,
            -0.0076,
            -0.02,
            -0.0088,
            -0.0076,
            -0.0183,
            -0.0254,
            -0.0193,
            -0.0146,
            -0.0159,
            -0.0193,
            -0.0132,
            -0.0134,
            -0.0164,
            -0.0156,
            -0.0188,
            -0.0107,
            -0.0173,
            -0.0127,
            -0.0171,
            -0.02,
            -0.0173,
            -0.0137,
            -0.0132,
            -0.0142,
            -0.0146
        ],
        "accely": [
            -0.2668,
            0.7261,
            0.1211,
            0.584,
            -0.0149,
            -0.3545,
            -0.4675,
            0.0073,
            -0.0566,
            -0.2725,
            -0.2866,
            -0.1262,
            0.2856,
            -0.0972,
            -0.0676,
            -0.0579,
            -0.2437,
            -0.3503,
            -0.1802,
            0.0364,
            0.1418,
            0.1123,
            -0.0408,
            -0.1042,
            -0.0955,
            -0.1145,
            -0.1099,
            0.0137,
            0.02,
            -0.0247,
            -0.0552,
            -0.04,
            -0.0798,
            -0.0857,
            -0.0483,
            -0.0251,
            -0.0295,
            -0.0403,
            -0.0474,
            -0.0559,
            -0.0647,
            -0.0598,
            -0.0444,
            -0.0339,
            -0.0305,
            -0.0325,
            -0.0554,
            -0.0569,
            -0.0596,
            -0.0605,
            -0.0481,
            -0.03,
            -0.0288,
            -0.0354,
            -0.0505,
            -0.0586,
            -0.0623,
            -0.0518,
            -0.0378,
            -0.0347,
            -0.0364,
            -0.0449,
            -0.052,
            -0.0542,
            -0.0562,
            -0.05,
            -0.0476,
            -0.0388
        ],
        "accelz": [
            1.0996,
            7.9998,
            2.4609,
            2.5037,
            0.217,
            1.0942,
            0.3535,
            -0.1987,
            -0.2615,
            0.6504,
            0.9834,
            3.8062,
            3.1433,
            1.9675,
            0.5654,
            -0.0137,
            0.4355,
            0.4683,
            0.6821,
            1.6008,
            1.5005,
            1.45,
            1.1521,
            0.6079,
            0.6064,
            0.7883,
            0.8911,
            1.2781,
            1.1682,
            1.0759,
            0.95,
            0.8926,
            0.8931,
            0.9451,
            1.0271,
            1.1328,
            1.0698,
            1.0327,
            0.9778,
            0.9084,
            0.9033,
            0.9333,
            1.0295,
            1.1157,
            1.1477,
            1.0803,
            0.9795,
            0.8884,
            0.8647,
            0.9204,
            1.0195,
            1.1035,
            1.1155,
            1.0432,
            0.9602,
            0.905,
            0.9226,
            0.9807,
            1.0566,
            1.0845,
            1.0632,
            1.0105,
            0.9636,
            0.9409,
            0.9426,
            0.9792,
            1.0276,
            1.0635
        ]
    },
    {
        "timestamp": 1715260928,
        "index": [
            0,
            5,
            10,
            15,
            20,
            25,
            30,
            35,
            40,
            45,
            50,
            55,
            60,
            65,
            70,
            75,
            80,
            85,
            90,
            95,
            100,
            105,
            110,
            115,
            120
        ],
        "accelx": [
            -0.4331,
            -0.0884,
            -0.1292,
            -0.1074,
            0.0615,
            -0.0764,
            -0.0298,
            -0.0481,
            -0.0371,
            -0.0193,
            -0.0461,
            -0.0481,
            -0.0344,
            -0.04,
            -0.0581,
            -0.0408,
            -0.0171,
            -0.0435,
            -0.0479,
            -0.0449,
            -0.0493,
            -0.031,
            -0.0225,
            -0.0247,
            -0.0447
        ],
        "accely": [
            -0.332,
            -0.8665,
            0.1519,
            -0.1531,
            -0.0249,
            -0.0525,
            -0.0469,
            -0.0088,
            -0.0413,
            -0.0466,
            -0.0454,
            -0.0176,
            0.0005,
            -0.0044,
            -0.0374,
            -0.0457,
            -0.0317,
            -0.0393,
            -0.0198,
            -0.0168,
            -0.0369,
            -0.0488,
            -0.0522,
            -0.0454,
            -0.0325
        ],
        "accelz": [
            1.168,
            6.2612,
            0.2644,
            1.0146,
            1.4609,
            1.061,
            1.1804,
            0.8503,
            0.9612,
            1.1008,
            0.9314,
            0.9778,
            1.0476,
            1.0051,
            0.9951,
            0.9976,
            1.0132,
            1.0066,
            0.9734,
            0.9941,
            1.0171,
            0.9888,
            1.0122,
            1.0464,
            0.9919
        ]
    },
    {
        "timestamp": 1715261056,
        "index": [
            0,
            5,
            10,
            15,
            20,
            25,
            30,
            35,
            40,
            45,
            50,
            55,
            60,
            65,
            70,
            75,
            80,
            85,
            90,
            95,
            100,
            105,
            110,
            115,
            120,
            125,
            130,
            135,
            140,
            145,
            150,
            155,
            160,
            165,
            170,
            175,
            180,
            185,
            190,
            195,
            200,
            205,
            210,
            215,
            220,
            225,
            230,
            235,
            240,
            245,
            250,
            255,
            260,
            265,
            270,
            275
        ],
        "accelx": [
            -2.8093,
            0.2498,
            1.0225,
            -0.0884,
            0.2778,
            0.1074,
            -0.0173,
            0.01,
            -0.1411,
            -0.0896,
            -0.019,
            -0.0747,
            0.0273,
            -0.0364,
            0.0027,
            -0.0044,
            0.0024,
            -0.0334,
            0.0115,
            -0.0134,
            0.0063,
            -0.0188,
            -0.0039,
            0.0022,
            -0.0332,
            -0.0266,
            -0.0559,
            -0.0564,
            -0.0034,
            -0.0569,
            0.0105,
            -0.0527,
            -0.0156,
            -0.0444,
            -0.0371,
            -0.0332,
            -0.0322,
            -0.0581,
            -0.052,
            -0.0256,
            -0.0229,
            0.0088,
            -0.0234,
            -0.0002,
            -0.0339,
            -0.0002,
            -0.0308,
            -0.0122,
            -0.0242,
            -0.0183,
            -0.0034,
            -0.0452,
            -0.0044,
            -0.0469,
            -0.0032,
            -0.0161
        ],
        "accely": [
            -0.259,
            -0.647,
            -1.2703,
            -0.7603,
            -0.199,
            -0.3223,
            -0.1824,
            0.0461,
            0.2361,
            -0.002,
            -0.0786,
            0.0842,
            0.0288,
            0.0391,
            -0.0464,
            0.0562,
            0.01,
            -0.0796,
            -0.0134,
            0.0073,
            -0.0061,
            -0.0791,
            -0.0154,
            0.0066,
            -0.0103,
            -0.0703,
            0.0115,
            -0.0049,
            0.0823,
            -0.0164,
            0.0623,
            0.0361,
            0.0334,
            0.0376,
            0.0356,
            0.0459,
            0.0012,
            0.0071,
            -0.0146,
            0.0171,
            0.0034,
            0.0349,
            0.031,
            -0.0015,
            0.0085,
            -0.0029,
            0.0012,
            -0.0066,
            -0.0127,
            -0.0059,
            0.0281,
            -0.0024,
            0.0286,
            0.0083,
            0.0312,
            0.022
        ],
        "accelz": [
            3.1013,
            6.4841,
            2.98,
            0.7778,
            1.3281,
            0.5742,
            1.3201,
            0.988,
            0.5471,
            1.1411,
            1.1548,
            0.8984,
            0.8831,
            1.061,
            1.0732,
            1.2539,
            0.957,
            1.1174,
            1.0303,
            0.8711,
            1.0076,
            0.8323,
            1.0225,
            0.9404,
            0.9817,
            1.0527,
            1.3152,
            0.6985,
            0.9194,
            1.03,
            1.0989,
            0.8105,
            0.845,
            1.0784,
            0.9153,
            1.0469,
            1.0071,
            1.0264,
            1.0344,
            1.0061,
            1.1091,
            0.9106,
            1.0789,
            0.9736,
            0.9692,
            0.9675,
            0.9968,
            0.9607,
            0.9766,
            1.0603,
            0.9976,
            1.0063,
            0.9919,
            1.0386,
            0.9756,
            0.9558
        ]
    },
    {
        "timestamp": 1715261056,
        "index": [
            0,
            5,
            10,
            15,
            20,
            25,
            30,
            35,
            40,
            45,
            50,
            55,
            60,
            65,
            70,
            75,
            80,
            85,
            90,
            95,
            100,
            105,
            110,
            115,
            120,
            125,
            130,
            135,
            140,
            145,
            150,
            155,
            160,
            165,
            170,
            175,
            180,
            185,
            190,
            195,
            200,
            205,
            210,
            215,
            220,
            225,
            230
        ],
        "accelx": [
            1.1033,
            3.7998,
            -0.5527,
            -3.1812,
            -0.1082,
            -0.1006,
            0.1602,
            -0.0376,
            3.6848,
            -1.5049,
            0.0088,
            1.0208,
            -1.7356,
            0.7722,
            -0.7434,
            -0.5447,
            -0.8362,
            0.1533,
            -0.0498,
            -0.0364,
            -0.0579,
            0.1458,
            0.0315,
            -0.1125,
            0.0007,
            -0.2483,
            -0.0283,
            -0.085,
            -0.0159,
            -0.1445,
            -0.0645,
            -0.0193,
            -0.0662,
            -0.0095,
            0.0012,
            0.0122,
            -0.1235,
            0.0547,
            0.0344,
            -0.0073,
            -0.0444,
            0.051,
            -0.0115,
            -0.1643,
            -0.0249,
            0.0093,
            -0.0264
        ],
        "accely": [
            1.5781,
            0.2676,
            0.8271,
            0.9211,
            -1.1282,
            0.4036,
            -0.0405,
            0.0764,
            -0.3169,
            -2.0774,
            0.7444,
            -0.6218,
            1.1196,
            -0.4683,
            -0.4307,
            -0.7566,
            0.1021,
            -0.1841,
            -0.0063,
            -0.0359,
            -0.1873,
            -0.2349,
            -0.0161,
            -0.1001,
            -0.0188,
            -0.0525,
            -0.1099,
            0.02,
            -0.0564,
            0.0706,
            0.0098,
            -0.0374,
            0.0227,
            -0.0505,
            0.0244,
            -0.0444,
            -0.0002,
            -0.0503,
            -0.0505,
            -0.0479,
            -0.0234,
            -0.0205,
            -0.0261,
            0.0044,
            -0.001,
            -0.0195,
            -0.019
        ],
        "accelz": [
            1.0815,
            7.9998,
            -0.9841,
            1.4944,
            3.3784,
            -0.8882,
            0.2319,
            -0.5659,
            -1.1829,
            -0.1597,
            1.3933,
            -2.8777,
            -1.3977,
            3.3264,
            5.3,
            4.1458,
            1.637,
            1.0525,
            1.6323,
            1.677,
            1.575,
            1.3198,
            0.7756,
            1.0857,
            1.2471,
            1.4128,
            1.2158,
            1.1548,
            1.0483,
            0.9023,
            0.8896,
            1.1062,
            1.0671,
            0.9885,
            1.019,
            0.8677,
            0.9802,
            1.0398,
            1.0293,
            1.0469,
            0.9114,
            1.02,
            0.95,
            0.9297,
            0.9937,
            0.9648,
            0.9939
        ]
    },
    {
        "timestamp": 1715261056,
        "index": [
            0,
            5,
            10,
            15,
            20,
            25,
            30,
            35,
            40,
            45,
            50,
            55,
            60,
            65,
            70,
            75,
            80,
            85,
            90,
            95,
            100,
            105,
            110,
            115,
            120,
            125,
            130,
            135,
            140,
            145,
            150,
            155,
            160,
            165,
            170,
            175,
            180,
            185,
            190,
            195,
            200,
            205,
            210,
            215,
            220,
            225,
            230,
            235,
            240,
            245,
            250,
            255,
            260,
            265,
            270,
            275,
            280,
            285,
            290,
            295
        ],
        "accelx": [
            -0.2207,
            -0.104,
            0.614,
            -0.1729,
            0.8726,
            0.0757,
            -0.4353,
            0.0569,
            -0.1479,
            0.3782,
            -0.0632,
            0.4556,
            -0.396,
            0.0576,
            0.1299,
            0.3677,
            -0.03,
            -0.04,
            0.1782,
            0.0066,
            -0.041,
            0.0093,
            -0.0493,
            0.0876,
            -0.0173,
            -0.0166,
            0.0112,
            0.063,
            0.0652,
            -0.0967,
            0.0415,
            0.0054,
            0.032,
            -0.0005,
            0.0581,
            -0.0103,
            -0.0273,
            0.0593,
            0.0527,
            0.0234,
            -0.0076,
            0.0916,
            0.0364,
            -0.0417,
            0.0796,
            0.0571,
            -0.0122,
            -0.0012,
            0.0361,
            0.0332,
            -0.0103,
            0.0361,
            0.042,
            0.0117,
            0.0078,
            0.0488,
            0.0132,
            -0.0002,
            0.01,
            0.0417
        ],
        "accely": [
            0.0347,
            -1.5044,
            1.1863,
            -0.1416,
            0.124,
            0.5413,
            -0.238,
            -0.623,
            0.1423,
            -0.3445,
            0.2427,
            -0.4062,
            -0.0581,
            -0.2334,
            0.1404,
            0.4548,
            -0.5906,
            0.1707,
            -0.4109,
            0.1204,
            0.1216,
            -0.179,
            0.272,
            -0.2991,
            0.095,
            -0.0254,
            -0.0232,
            0.1497,
            -0.1758,
            0.2288,
            -0.1597,
            -0.0356,
            0.0535,
            -0.1299,
            0.1587,
            -0.1428,
            0.0293,
            -0.0527,
            -0.1128,
            0.0891,
            -0.1077,
            0.0386,
            -0.0664,
            -0.0789,
            0.0083,
            -0.1006,
            0.0627,
            -0.0867,
            -0.0129,
            -0.0195,
            -0.084,
            0.0439,
            -0.072,
            0.0461,
            -0.0161,
            -0.0137,
            0.0051,
            -0.0527,
            0.032,
            -0.063
        ],
        "accelz": [
            0.5857,
            7.1821,
            -0.571,
            0.1785,
            0.8958,
            -1.1807,
            2.9951,
            1.676,
            0.2424,
            0.6001,
            0.9326,
            0.8357,
            1.4297,
            0.9702,
            -0.1006,
            1.1877,
            1.061,
            1.4429,
            1.7178,
            1.1809,
            0.8862,
            0.7949,
            1.1667,
            0.7351,
            1.1301,
            1.0933,
            0.7356,
            1.2908,
            0.9221,
            0.9761,
            0.9602,
            0.9893,
            1.001,
            0.8792,
            1.0696,
            0.9753,
            1.0989,
            0.9812,
            1.0408,
            1.0476,
            0.8594,
            1.167,
            0.9885,
            0.9026,
            1.137,
            1.0522,
            1.0269,
            0.938,
            1.0339,
            0.9426,
            0.9219,
            1.0073,
            1.0046,
            1.0244,
            0.9736,
            1.032,
            0.9788,
            0.9597,
            1.0229,
            0.946
        ]
    }
]