[
    {
        "timestamp": 1715248093,
        "frequency": [
            2.0,
            3.0,
            4.0,
            5.0,
            7.0,
            9.0,
            10.0,
            11.0,
            12.0,
            14.0,
            15.0,
            16.0,
            17.0,
            18.0,
            20.0,
            22.0,
            23.0,
            24.0,
            25.0,
            28.0
        ],
        "magnitude": [
            0.006,
            0.006,
            0.008,
            0.014,
            0.01,
            0.014,
            0.035,
            0.012,
            0.009,
            0.01,
            0.012,
            0.009,
            0.006,
            0.006,
            0.009,
            0.005,
            0.005,
            0.008,
            0.006,
            0.006
        ]
    },
    {
        "timestamp": 1715248218,
        "frequency": [
            6.0,
            7.0,
            8.0,
            9.0,
            10.0,
            11.0,
            13.0,
            14.0,
            15.0,
            16.0,
            18.0,
            19.0
        ],
        "magnitude": [
            0.012,
            0.018,
            0.027,
            0.006,
            0.017,
            0.009,
            0.011,
            0.009,
            0.007,
            0.009,
            0.005,
            0.006
        ]
    },
    {
        "timestamp": 1713444181,
        "frequency": [
            1.0,
            4.0,
            5.0,
            1.0,
            4.0,
            5.0,
            1.0,
            4.0,
            5.0,
            1.0,
            4.0,
            5.0,
            1.0,
            4.0,
            5.0,
            1.0,
            4.0,
            5.0,
            1.0,
            4.0,
            5.0
        ],
        "magnitude": [
            0.006,
            0.005,
            0.008,
            0.006,
            0.005,
            0.008,
            0.006,
            0.005,
            0.008,
            0.006,
            0.005,
            0.008,
            0.006,
            0.005,
            0.008,
            0.006,
            0.005,
            0.008,
            0.006,
            0.005,
            0.008
        ]
    },
    {
        "timestamp": 1713444306,
        "frequency": [
            3.0,
            4.0,
            5.0,
            6.0,
            7.0,
            8.0,
            9.0,
            10.0,
            11.0,
            3.0,
            4.0,
            5.0,
            6.0,
            7.0,
            8.0,
            9.0,
            10.0,
            11.0,
            3.0,
            4.0,
            5.0,
            6.0,
            7.0,
            8.0,
            9.0,
            10.0,
            11.0,
            3.0,
            4.0,
            5.0,
            6.0,
            7.0,
            8.0,
            9.0,
            10.0,
            11.0,
            3.0,
            4.0,
            5.0,
            6.0,
            7.0,
            8.0,
            9.0,
            10.0,
            11.0,
            3.0,
            4.0,
            5.0,
            6.0,
            7.0,
            8.0,
            9.0,
            10.0,
            11.0,
            3.0,
            4.0,
            5.0,
            6.0,
            7.0,
            8.0,
            9.0,
            10.0,
            11.0
        ],
        "magnitude": [
            0.012,
            0.008,
            0.033,
            0.073,
            0.016,
            0.023,
            0.013,
            0.006,
            0.012,
            0.012,
            0.008,
            0.033,
            0.073,
            0.016,
            0.023,
            0.013,
            0.006,
            0.012,
            0.012,
            0.008,
            0.033,
            0.073,
            0.016,
            0.023,
            0.013,
            0.006,
            0.012,
            0.012,
            0.008,
            0.033,
            0.073,
            0.016,
            0.023,
            0.013,
            0.006,
            0.012,
            0.012,
            0.008,
            0.033,
            0.073,
            0.016,
            0.023,
            0.013,
            0.006,
            0.012,
            0.012,
            0.008,
            0.033,
            0.073,
            0.016,
            0.023,
            0.013,
            0.006,
            0.012,
            0.012,
            0.008,
            0.033,
            0.073,
            0.016,
            0.023,
            0.013,
            0.006,
            0.012
        ]
    },
    {
        "timestamp": 1713444181,
        "frequency": [
            1.0,
            4.0,
            5.0
        ],
        "magnitude": [
            0.006,
            0.005,
            0.008
        ]
    },
    {
        "timestamp": 1713444306,
        "frequency": [
            3.0,
            4.0,
            5.0,
            6.0,
            7.0,
            8.0,
            9.0,
            10.0,
            11.0
        ],
        "magnitude": [
            0.012,
            0.008,
            0.033,
            0.073,
            0.016,
            0.023,
            0.013,
            0.006,
            0.012
        ]
    },
    {
        "timestamp": 1713444181,
        "frequency": [
            1.0,
            4.0,
            5.0
        ],
        "magnitude": [
            0.006,
            0.005,
            0.008
        ]
    },
    {
        "timestamp": 1713444306,
        "frequency": [
            3.0,
            4.0,
            5.0,
            6.0,
            7.0,
            8.0,
            9.0,
            10.0,
            11.0
        ],
        "magnitude": [
            0.012,
            0.008,
            0.033,
            0.073,
            0.016,
            0.023,
            0.013,
            0.006,
            0.012
        ]
    },
    {
        "timestamp": 1715250676,
        "frequency": [
            2.0
        ],
        "magnitude": [
            0.006
        ]
    },
    {
        "timestamp": 1715250683,
        "frequency": [
            2.0,
            3.0,
            6.0,
            8.0,
            10.0,
            12.0,
            13.0
        ],
        "magnitude": [
            0.014,
            0.014,
            0.009,
            0.006,
            0.006,
            0.006,
            0.006
        ]
    },
    {
        "timestamp": 1713444181,
        "frequency": [
            1.0,
            4.0,
            5.0
        ],
        "magnitude": [
            0.006,
            0.005,
            0.008
        ]
    },
    {
        "timestamp": 1713444306,
        "frequency": [
            3.0,
            4.0,
            5.0,
            6.0,
            7.0,
            8.0,
            9.0,
            10.0,
            11.0
        ],
        "magnitude": [
            0.012,
            0.008,
            0.033,
            0.073,
            0.016,
            0.023,
            0.013,
            0.006,
            0.012
        ]
    },
    {
        "timestamp": 1713444181,
        "frequency": [
            1.0,
            4.0,
            5.0
        ],
        "magnitude": [
            0.006,
            0.005,
            0.008
        ]
    },
    {
        "timestamp": 1713444306,
        "frequency": [
            3.0,
            4.0,
            5.0,
            6.0,
            7.0,
            8.0,
            9.0,
            10.0,
            11.0
        ],
        "magnitude": [
            0.012,
            0.008,
            0.033,
            0.073,
            0.016,
            0.023,
            0.013,
            0.006,
            0.012
        ]
    },
    {
        "timestamp": 1715251506,
        "frequency": [
            2.0,
            3.0,
            4.0,
            5.0,
            6.0,
            7.0,
            8.0,
            9.0,
            16.0
        ],
        "magnitude": [
            0.015,
            0.017,
            0.028,
            0.039,
            0.045,
            0.023,
            0.045,
            0.008,
            0.005
        ]
    },
    {
        "timestamp": 1715252157,
        "frequency": [
            18.0,
            20.0,
            22.0,
            24.0,
            25.0,
            26.0,
            27.0,
            28.0,
            29.0,
            30.0,
            31.0,
            32.0,
            33.0,
            34.0,
            35.0,
            37.0,
            38.0,
            39.0,
            40.0,
            41.0,
            42.0,
            43.0,
            44.0,
            45.0,
            46.0,
            47.0,
            49.0,
            50.0,
            52.0,
            57.0,
            59.0
        ],
        "magnitude": [
            0.005,
            0.008,
            0.01,
            0.012,
            0.037,
            0.01,
            0.038,
            0.008,
            0.015,
            0.01,
            0.006,
            0.013,
            0.007,
            0.011,
            0.015,
            0.018,
            0.011,
            0.016,
            0.015,
            0.011,
            0.016,
            0.01,
            0.012,
            0.013,
            0.007,
            0.012,
            0.007,
            0.007,
            0.006,
            0.006,
            0.005
        ]
    },
    {
        "timestamp": 1715257269,
        "frequency": [
            2.0,
            3.0,
            4.0,
            5.0,
            6.0,
            7.0,
            8.0,
            12.0,
            13.0,
            14.0
        ],
        "magnitude": [
            0.006,
            0.006,
            0.006,
            0.012,
            0.023,
            0.012,
            0.007,
            0.008,
            0.007,
            0.007
        ]
    },
    {
        "timestamp": 1715260950,
        "frequency": [
            1.0,
            2.0,
            3.0,
            7.0,
            8.0,
            15.0,
            22.0,
            23.0,
            32.0,
            33.0,
            40.0
        ],
        "magnitude": [
            0.007,
            0.01,
            0.014,
            0.005,
            0.006,
            0.007,
            0.006,
            0.006,
            0.008,
            0.007,
            0.007
        ]
    },
    {
        "timestamp": 1715260975,
        "frequency": [
            1.0,
            2.0,
            3.0
        ],
        "magnitude": [
            0.013,
            0.007,
            0.006
        ]
    },
    {
        "timestamp": 1715261026,
        "frequency": [
            1.0,
            2.0,
            3.0,
            4.0,
            5.0,
            6.0,
            7.0,
            8.0,
            9.0,
            10.0,
            11.0,
            12.0,
            13.0,
            14.0,
            15.0,
            18.0,
            19.0,
            20.0,
            24.0,
            26.0,
            27.0,
            28.0,
            29.0,
            30.0,
            31.0,
            32.0,
            33.0,
            34.0,
            35.0,
            36.0,
            37.0,
            38.0,
            40.0,
            41.0,
            45.0,
            46.0,
            47.0,
            49.0,
            51.0,
            54.0,
            55.0,
            57.0,
            59.0,
            60.0,
            61.0,
            62.0,
            63.0,
            65.0,
            67.0,
            68.0,
            69.0,
            70.0,
            71.0,
            72.0,
            73.0,
            75.0,
            76.0,
            78.0,
            79.0,
            81.0,
            84.0,
            85.0,
            86.0,
            87.0,
            90.0,
            92.0,
            94.0,
            95.0
        ],
        "magnitude": [
            0.015,
            0.042,
            0.059,
            0.07,
            0.049,
            0.023,
            0.007,
            0.027,
            0.012,
            0.006,
            0.015,
            0.015,
            0.006,
            0.006,
            0.017,
            0.008,
            0.012,
            0.011,
            0.012,
            0.008,
            0.008,
            0.006,
            0.007,
            0.012,
            0.007,
            0.007,
            0.007,
            0.008,
            0.016,
            0.006,
            0.009,
            0.007,
            0.012,
            0.005,
            0.011,
            0.007,
            0.005,
            0.009,
            0.007,
            0.007,
            0.009,
            0.01,
            0.009,
            0.008,
            0.009,
            0.007,
            0.009,
            0.013,
            0.014,
            0.008,
            0.011,
            0.008,
            0.013,
            0.008,
            0.014,
            0.008,
            0.008,
            0.008,
            0.009,
            0.005,
            0.008,
            0.008,
            0.011,
            0.006,
            0.006,
            0.006,
            0.006,
            0.005
        ]
    },
    {
        "timestamp": 1715261099,
        "frequency": [
            4.0,
            73.0,
            79.0
        ],
        "magnitude": [
            0.005,
            0.005,
            0.006
        ]
    },
    {
        "timestamp": 1715261122,
        "frequency": [
            15.0,
            17.0
        ],
        "magnitude": [
            0.006,
            0.006
        ]
    },
    {
        "timestamp": 1715261271,
        "frequency": [
            5.0,
            7.0,
            11.0,
            16.0,
            18.0,
            19.0,
            22.0,
            24.0,
            26.0,
            27.0,
            28.0,
            29.0,
            30.0,
            32.0,
            33.0,
            35.0,
            40.0,
            46.0
        ],
        "magnitude": [
            0.008,
            0.005,
            0.005,
            0.008,
            0.008,
            0.006,
            0.006,
            0.008,
            0.008,
            0.009,
            0.006,
            0.007,
            0.006,
            0.012,
            0.007,
            0.006,
            0.006,
            0.006
        ]
    },
    {
        "timestamp": 1715261345,
        "frequency": [
            1.0,
            11.0,
            14.0,
            55.0,
            59.0,
            66.0,
            67.0,
            68.0,
            69.0,
            70.0,
            71.0,
            72.0,
            73.0,
            74.0
        ],
        "magnitude": [
            0.005,
            0.006,
            0.006,
            0.006,
            0.006,
            0.008,
            0.005,
            0.006,
            0.008,
            0.009,
            0.008,
            0.009,
            0.012,
            0.011
        ]
    },
    {
        "timestamp": 1715261393,
        "frequency": [
            71.0,
            72.0,
            73.0
        ],
        "magnitude": [
            0.008,
            0.01,
            0.005
        ]
    },
    {
        "timestamp": 1715261542,
        "frequency": [
            74.0
        ],
        "magnitude": [
            0.018
        ]
    }
]