[
    {
        "timestamp": 1716667136,
        "index": [
            0,
            5,
            10,
            15,
            20,
            25,
            30,
            35,
            40,
            45,
            50,
            55,
            60,
            65,
            70,
            75,
            80,
            85,
            90,
            95,
            100,
            105,
            110,
            115,
            120,
            125,
            130,
            135,
            140,
            145,
            150,
            155,
            160,
            165,
            170,
            175,
            180,
            185,
            190,
            195
        ],
        "accelx": [
            -0.0186,
            -1.2432,
            4.3926,
            0.7637,
            0.0405,
            0.1069,
            0.0791,
            -0.0112,
            0.0508,
            -0.0254,
            0.0117,
            0.0029,
            -0.0132,
            -0.021,
            -0.311,
            -0.5063,
            -1.0894,
            -1.7266,
            -0.105,
            0.1113,
            0.25,
            0.3442,
            0.0366,
            -0.2153,
            0.0806,
            0.0884,
            0.0542,
            -0.0464,
            -0.0083,
            -0.0347,
            -0.043,
            -0.0132,
            -0.0171,
            -0.0156,
            -0.0278,
            -0.0254,
            -0.0181,
            -0.0181,
            -0.0171,
            -0.0229
        ],
        "accely": [
            -0.02,
            -0.6587,
            0.6338,
            0.6636,
            0.3833,
            -0.125,
            -0.083,
            0.0884,
            0.1133,
            0.1323,
            0.0156,
            -0.0737,
            -0.0083,
            -0.1567,
            0.0801,
            0.1123,
            0.0581,
            0.9277,
            -0.0957,
            0.0527,
            -0.1064,
            0.0996,
            0.1978,
            0.3135,
            0.229,
            -0.0439,
            -0.1504,
            -0.1938,
            0.0376,
            -0.0186,
            -0.0093,
            -0.0264,
            -0.0254,
            -0.0391,
            -0.0278,
            -0.0225,
            -0.0254,
            -0.0356,
            -0.0283,
            -0.0244
        ],
        "accelz": [
            0.0679,
            4.21,
            3.3745,
            -2.2881,
            -0.7305,
            -0.2148,
            0.3154,
            -0.1733,
            -0.4004,
            -0.3838,
            -0.1777,
            0.1597,
            -0.001,
            0.4458,
            1.1875,
            0.6519,
            2.3018,
            3.8042,
            1.6113,
            -0.168,
            0.4795,
            0.2178,
            0.8516,
            1.3345,
            1.5942,
            0.9111,
            0.771,
            0.9839,
            1.019,
            1.0615,
            0.9751,
            0.9766,
            1.0249,
            0.9961,
            0.9829,
            1.0049,
            0.9985,
            0.9902,
            1.0044,
            1.001
        ],
        "impact_id": 0
    },
    {
        "timestamp": 1716667264,
        "index": [
            0,
            5,
            10,
            15,
            20,
            25,
            30,
            35,
            40,
            45,
            50,
            55,
            60,
            65,
            70,
            75,
            80,
            85,
            90,
            95,
            100,
            105,
            110,
            115,
            120,
            125,
            130,
            135,
            140,
            145,
            150,
            155,
            160,
            165,
            170,
            175,
            180,
            185,
            190,
            195,
            200,
            205,
            210,
            215,
            220,
            225
        ],
        "accelx": [
            -0.0273,
            -2.3135,
            4.0752,
            -0.3091,
            0.5405,
            -0.231,
            0.0244,
            -0.0293,
            0.0571,
            -0.0044,
            -0.2319,
            -1.1045,
            -0.4131,
            -0.0454,
            -0.063,
            -0.2349,
            0.0425,
            1.5957,
            0.5142,
            -0.0181,
            -0.0815,
            -0.1826,
            -0.4331,
            -0.4526,
            -0.4551,
            -0.2017,
            -0.0562,
            -0.1079,
            -0.1929,
            -0.0767,
            0.0293,
            0.0444,
            0.0469,
            0.0034,
            -0.0322,
            -0.0254,
            -0.0317,
            -0.0317,
            -0.0234,
            -0.0093,
            -0.0142,
            -0.0259,
            -0.0264,
            -0.0264,
            -0.0132,
            -0.0166
        ],
        "accely": [
            -0.0034,
            -0.4443,
            -8.6489,
            0.2983,
            -0.7534,
            0.3647,
            -0.0771,
            -0.1128,
            0.0073,
            0.0894,
            0.1963,
            0.8198,
            0.5342,
            -0.0132,
            -0.0449,
            -0.3403,
            -0.5718,
            0.1421,
            0.6992,
            0.1162,
            0.0903,
            0.0908,
            0.2603,
            0.1523,
            -0.2603,
            -0.1113,
            0.1763,
            0.1821,
            0.1924,
            0.1221,
            0.0234,
            -0.0493,
            -0.0991,
            -0.1113,
            -0.0132,
            -0.0098,
            0.0068,
            -0.0205,
            -0.0332,
            -0.0376,
            -0.0293,
            -0.0195,
            -0.019,
            -0.0288,
            -0.0259,
            -0.0298
        ],
        "accelz": [
            0.1025,
            11.5303,
            14.376,
            -5.3208,
            5.4121,
            -0.6147,
            0.7104,
            0.6025,
            -0.103,
            -0.123,
            0.104,
            2.6006,
            0.8799,
            0.6294,
            0.3179,
            1.6558,
            4.6494,
            2.3608,
            -0.1045,
            0.0625,
            -0.0137,
            0.3818,
            1.0083,
            1.397,
            1.8486,
            1.5166,
            0.6558,
            0.5469,
            0.9136,
            1.2334,
            1.1836,
            1.0264,
            0.9233,
            0.9541,
            1.002,
            1.0244,
            1.0063,
            0.9922,
            0.9956,
            0.999,
            1.0039,
            1.0024,
            0.9932,
            0.9932,
            1.0015,
            1.0039
        ],
        "impact_id": 1
    },
    {
        "timestamp": 1716667264,
        "index": [
            0,
            5,
            10,
            15,
            20,
            25,
            30,
            35,
            40,
            45,
            50,
            55,
            60,
            65,
            70,
            75,
            80,
            85,
            90,
            95,
            100,
            105,
            110,
            115,
            120,
            125,
            130,
            135,
            140,
            145,
            150,
            155,
            160,
            165,
            170,
            175,
            180,
            185,
            190,
            195,
            200,
            205,
            210,
            215,
            220,
            225,
            230,
            235,
            240,
            245,
            250,
            255
        ],
        "accelx": [
            -0.7842,
            1.8286,
            0.2871,
            8.9175,
            -1.1157,
            0.2642,
            0.0044,
            0.0435,
            -0.5498,
            -0.7935,
            -0.0728,
            -0.0503,
            -0.0142,
            -0.0264,
            -0.0762,
            -0.1401,
            -0.063,
            -0.0542,
            -0.1167,
            -0.7847,
            1.0483,
            -0.1982,
            -0.1143,
            -0.146,
            -0.0894,
            -0.0742,
            -0.1177,
            -0.1299,
            -0.2075,
            -0.3091,
            0.0771,
            -0.0518,
            -0.0532,
            -0.0571,
            -0.0298,
            0.0059,
            -0.0659,
            0.0332,
            -0.0405,
            -0.0117,
            -0.0464,
            -0.0464,
            -0.0068,
            -0.0293,
            -0.0166,
            -0.0215,
            -0.0317,
            -0.019,
            -0.0137,
            -0.0269,
            -0.0278,
            -0.0205
        ],
        "accely": [
            -0.3921,
            1.3203,
            0.4111,
            1.4204,
            0.2227,
            -0.0381,
            0.3022,
            0.4448,
            -0.3135,
            -0.2046,
            -0.0937,
            0.0073,
            -0.0029,
            -0.0215,
            -0.0605,
            -0.0513,
            0.0298,
            0.0771,
            0.1094,
            0.3218,
            -0.0732,
            -0.0562,
            0.3945,
            0.1772,
            0.0244,
            -0.2158,
            -0.0952,
            -0.0601,
            0.0347,
            0.2583,
            0.1733,
            -0.2427,
            -0.0078,
            0.0122,
            0.0786,
            0.0444,
            -0.1035,
            -0.0454,
            -0.0688,
            0.0459,
            -0.0264,
            -0.04,
            -0.0044,
            -0.0073,
            -0.0234,
            -0.0244,
            -0.0103,
            -0.0166,
            -0.0146,
            -0.0137,
            -0.019,
            -0.0176
        ],
        "accelz": [
            2.7461,
            8.9253,
            -0.3979,
            -4.2026,
            1.2524,
            1.1592,
            -0.0796,
            -0.8989,
            1.8604,
            2.4258,
            0.731,
            0.0786,
            0.0479,
            0.2095,
            0.6636,
            1.147,
            0.9644,
            0.6553,
            0.8018,
            3.4624,
            4.3584,
            -0.0806,
            -1.1484,
            -0.4653,
            -0.0366,
            0.9775,
            0.7427,
            0.8999,
            0.9478,
            2.3003,
            1.2031,
            1.2207,
            -0.0493,
            0.5239,
            0.8955,
            1.6362,
            1.2554,
            0.8926,
            0.9414,
            1.061,
            1.061,
            0.9131,
            1.0039,
            1.0386,
            0.9893,
            0.9937,
            0.999,
            0.9946,
            1.0063,
            0.9951,
            0.9937,
            0.9985
        ],
        "impact_id": 2
    },
    {
        "timestamp": 1716667264,
        "index": [
            0,
            5,
            10,
            15,
            20,
            25,
            30,
            35,
            40,
            45,
            50,
            55,
            60,
            65,
            70,
            75,
            80,
            85,
            90,
            95,
            100,
            105,
            110,
            115,
            120,
            125,
            130,
            135,
            140,
            145,
            150,
            155,
            160,
            165,
            170,
            175,
            180,
            185,
            190,
            195,
            200
        ],
        "accelx": [
            0.0073,
            -1.2402,
            0.2378,
            5.7949,
            0.6006,
            -1.3818,
            -1.5259,
            -0.1948,
            -0.1948,
            0.0332,
            -0.0288,
            0.0137,
            -0.0747,
            0.0405,
            0.1182,
            0.0015,
            0.0864,
            0.126,
            0.1777,
            0.1777,
            -0.3052,
            0.0098,
            0.0698,
            0.0322,
            -0.1553,
            -0.0942,
            -0.0459,
            0.0132,
            -0.0317,
            -0.021,
            -0.0337,
            -0.042,
            -0.022,
            -0.0312,
            -0.0283,
            -0.0259,
            -0.0273,
            -0.0298,
            -0.0283,
            -0.0259,
            -0.0298
        ],
        "accely": [
            -0.0464,
            -3.7319,
            0.5889,
            7.8604,
            -0.8457,
            -1.2881,
            -0.5054,
            0.437,
            0.2056,
            -0.4668,
            -0.5317,
            -0.3818,
            -0.1113,
            -0.2915,
            -0.4033,
            -0.1357,
            0.0391,
            0.0205,
            0.2036,
            0.7061,
            0.0254,
            -0.1772,
            -0.2168,
            -0.3159,
            0.0986,
            0.0933,
            -0.0742,
            -0.0439,
            -0.0474,
            -0.0171,
            -0.0181,
            -0.0273,
            -0.0303,
            -0.0264,
            -0.0293,
            -0.0303,
            -0.0322,
            -0.0264,
            -0.0283,
            -0.0327,
            -0.0308
        ],
        "accelz": [
            0.1143,
            15.9995,
            0.166,
            1.1597,
            6.6172,
            3.501,
            3.334,
            -1.1138,
            -0.688,
            0.9771,
            1.3579,
            1.0225,
            0.4395,
            0.6152,
            0.9038,
            0.877,
            0.271,
            0.6055,
            1.125,
            2.1509,
            1.1968,
            0.6729,
            0.4922,
            1.1138,
            1.3862,
            1.1895,
            0.9155,
            0.8179,
            1.0889,
            1.0479,
            0.9556,
            0.9951,
            1.0088,
            1.0005,
            1.001,
            0.9966,
            0.9941,
            1.0024,
            0.999,
            0.9956,
            1.0015
        ],
        "impact_id": 3
    },
    {
        "timestamp": 1716667264,
        "index": [
            0,
            5,
            10,
            15,
            20,
            25,
            30,
            35,
            40,
            45,
            50,
            55,
            60,
            65,
            70,
            75,
            80,
            85,
            90,
            95,
            100,
            105,
            110,
            115,
            120,
            125,
            130,
            135,
            140,
            145,
            150,
            155,
            160,
            165,
            170,
            175,
            180,
            185,
            190,
            195
        ],
        "accelx": [
            -0.0078,
            1.9507,
            0.0303,
            0.2261,
            0.0479,
            0.0303,
            0.207,
            0.2036,
            0.0493,
            0.0083,
            0.0083,
            0.0171,
            0.0229,
            0.0259,
            0.0254,
            0.0332,
            -0.0493,
            -0.6191,
            -2.5937,
            -1.5303,
            -0.0752,
            0.0537,
            0.1885,
            0.3335,
            -0.0513,
            -0.0742,
            -0.0698,
            -0.0728,
            -0.0469,
            -0.002,
            0.0142,
            -0.0171,
            -0.0513,
            -0.0376,
            -0.0151,
            -0.0112,
            -0.0229,
            -0.0352,
            -0.0308,
            -0.0205
        ],
        "accely": [
            -0.019,
            -3.0537,
            -0.1396,
            -0.5122,
            -0.4785,
            -0.0298,
            0.2539,
            0.189,
            -0.0024,
            -0.0645,
            -0.0356,
            -0.0381,
            -0.0264,
            -0.0288,
            -0.0093,
            -0.0005,
            -0.1274,
            -0.1523,
            1.0098,
            1.8931,
            0.1411,
            0.3164,
            0.3013,
            0.2046,
            -0.0547,
            0.0308,
            0.0088,
            0.0234,
            -0.0264,
            -0.0562,
            -0.0376,
            -0.0229,
            -0.021,
            -0.0308,
            -0.0269,
            -0.0317,
            -0.0366,
            -0.0264,
            -0.0225,
            -0.0356
        ],
        "accelz": [
            0.0068,
            7.5542,
            -2.7422,
            0.4053,
            1.4863,
            0.3247,
            -0.3564,
            -0.4287,
            -0.0776,
            0.1338,
            -0.0479,
            -0.0864,
            -0.063,
            -0.0527,
            -0.0371,
            -0.0059,
            0.6235,
            2.1167,
            6.8975,
            3.8027,
            0.835,
            -0.6875,
            -0.4302,
            -0.4761,
            1.3555,
            1.0815,
            0.8608,
            0.874,
            1.0615,
            1.0503,
            0.9683,
            1.0088,
            1.001,
            0.9727,
            1.0049,
            1.0083,
            0.9927,
            0.9937,
            0.9927,
            1.0029
        ],
        "impact_id": 4
    },
    {
        "timestamp": 1716667264,
        "index": [
            0,
            5,
            10,
            15,
            20,
            25,
            30,
            35,
            40,
            45,
            50,
            55,
            60,
            65,
            70,
            75,
            80,
            85,
            90,
            95,
            100,
            105,
            110,
            115,
            120,
            125,
            130,
            135,
            140,
            145,
            150,
            155,
            160,
            165,
            170,
            175,
            180,
            185,
            190,
            195,
            200,
            205
        ],
        "accelx": [
            0.0234,
            4.6235,
            -3.9595,
            -0.3525,
            -0.0156,
            -0.146,
            -0.0601,
            -0.0029,
            -0.167,
            0.1387,
            0.1694,
            1.9395,
            0.1025,
            -0.2886,
            -0.2837,
            -0.1265,
            0.0117,
            0.0127,
            0.042,
            0.1831,
            0.936,
            -0.1978,
            -0.2671,
            -0.1387,
            -0.0396,
            0.0303,
            -0.0698,
            -0.0356,
            -0.0381,
            -0.0337,
            -0.0254,
            -0.0073,
            -0.0254,
            -0.0283,
            -0.02,
            -0.0225,
            -0.0229,
            -0.0273,
            -0.0278,
            -0.0244,
            -0.0283,
            -0.0264
        ],
        "accely": [
            -0.0283,
            -0.7817,
            -3.5566,
            -0.645,
            0.1768,
            0.5728,
            0.2534,
            -0.2378,
            0.9058,
            0.0151,
            -0.1235,
            -0.8799,
            -0.2446,
            0.3354,
            0.5117,
            0.123,
            -0.0537,
            -0.1411,
            -0.1094,
            -0.0986,
            -0.1162,
            -0.4395,
            -0.0957,
            0.0742,
            0.1592,
            -0.0508,
            -0.1387,
            -0.0225,
            -0.0615,
            -0.064,
            -0.021,
            0.0,
            -0.0356,
            -0.0308,
            -0.0283,
            -0.0347,
            -0.0342,
            -0.0352,
            -0.0303,
            -0.0264,
            -0.0366,
            -0.0347
        ],
        "accelz": [
            0.1274,
            7.2837,
            7.4116,
            1.4077,
            -0.9932,
            -2.1099,
            -0.9951,
            0.3867,
            2.7744,
            1.0728,
            0.6987,
            3.0776,
            2.8687,
            1.5903,
            0.2661,
            0.3242,
            0.2935,
            0.7222,
            0.8203,
            0.9902,
            1.3359,
            1.9111,
            1.0073,
            0.644,
            0.8843,
            1.1714,
            1.1479,
            0.8877,
            0.874,
            1.0347,
            1.0405,
            0.9902,
            0.9927,
            0.9951,
            1.002,
            1.001,
            0.9946,
            0.9961,
            0.9985,
            0.9976,
            0.999,
            0.9932
        ],
        "impact_id": 5
    },
    {
        "timestamp": 1716668800,
        "index": [
            0,
            5,
            10,
            15,
            20,
            25,
            30,
            35,
            40,
            45,
            50,
            55,
            60,
            65,
            70,
            75,
            80,
            85,
            90,
            95,
            100,
            105,
            110,
            115,
            120,
            125,
            130,
            135,
            140,
            145,
            150,
            155,
            160
        ],
        "accelx": [
            -0.061,
            -0.1143,
            -0.0234,
            3.0498,
            -0.2896,
            -0.0952,
            -0.1445,
            -0.459,
            -0.6646,
            -0.2158,
            -0.0376,
            0.3418,
            -0.0288,
            -0.3862,
            -0.2451,
            -0.2139,
            -0.1709,
            -0.1841,
            -0.0215,
            0.0332,
            0.0449,
            -0.0249,
            -0.0386,
            -0.0508,
            -0.0488,
            -0.0225,
            -0.019,
            -0.0347,
            -0.0405,
            -0.0308,
            -0.0269,
            -0.0288,
            -0.0327
        ],
        "accely": [
            0.0879,
            0.292,
            -0.436,
            -2.5361,
            0.1104,
            0.0073,
            -0.0557,
            0.1875,
            0.5425,
            0.2241,
            0.1279,
            -0.1006,
            -0.1968,
            0.1274,
            0.1733,
            0.2046,
            0.1924,
            -0.0342,
            -0.0566,
            -0.0796,
            -0.0937,
            -0.0371,
            -0.0405,
            -0.0112,
            -0.0063,
            -0.0381,
            -0.0552,
            -0.0308,
            -0.0166,
            -0.0293,
            -0.04,
            -0.0356,
            -0.0264
        ],
        "accelz": [
            0.502,
            4.6128,
            1.623,
            4.27,
            1.2593,
            0.4375,
            0.6729,
            1.5181,
            1.3101,
            0.3003,
            0.2515,
            0.9829,
            2.1724,
            1.3857,
            0.6382,
            0.6035,
            1.021,
            1.3203,
            0.9927,
            0.8691,
            0.9897,
            1.0649,
            0.9785,
            0.9683,
            1.0386,
            0.9971,
            0.9775,
            1.0029,
            1.0088,
            0.9956,
            0.9985,
            0.9966,
            1.0
        ],
        "impact_id": 6
    },
    {
        "timestamp": 1716668800,
        "index": [
            0,
            5,
            10,
            15,
            20,
            25,
            30,
            35,
            40,
            45,
            50,
            55,
            60,
            65,
            70,
            75,
            80,
            85,
            90,
            95,
            100,
            105,
            110,
            115,
            120,
            125,
            130,
            135,
            140,
            145,
            150,
            155,
            160,
            165,
            170
        ],
        "accelx": [
            2.9634,
            -6.8203,
            -0.2207,
            0.0972,
            -0.0039,
            0.0503,
            0.0098,
            0.043,
            0.0098,
            0.001,
            0.0415,
            0.0645,
            0.2139,
            0.8481,
            0.9575,
            -0.125,
            -0.0059,
            -0.0171,
            0.0962,
            0.0952,
            -0.0391,
            -0.1328,
            -0.1729,
            -0.105,
            0.0088,
            0.0103,
            -0.0112,
            -0.0439,
            -0.0552,
            -0.0264,
            -0.0146,
            -0.0249,
            -0.0435,
            -0.0361,
            -0.0273
        ],
        "accely": [
            0.2476,
            -0.6582,
            -0.6719,
            -0.0239,
            0.1206,
            0.3975,
            0.1577,
            0.0762,
            -0.0303,
            -0.0244,
            -0.6855,
            -0.0444,
            0.2021,
            0.4409,
            1.4595,
            -0.2222,
            0.0264,
            -0.0513,
            -0.1836,
            -0.0923,
            0.1372,
            0.0811,
            -0.0664,
            -0.1411,
            -0.041,
            -0.0537,
            0.0,
            0.0142,
            -0.0205,
            -0.0464,
            -0.0557,
            -0.0366,
            -0.0156,
            -0.0181,
            -0.0347
        ],
        "accelz": [
            0.4277,
            14.8452,
            3.292,
            1.1338,
            0.0898,
            -1.2856,
            -0.5107,
            -0.4805,
            0.1001,
            -0.0356,
            2.3369,
            2.3926,
            1.1406,
            1.5454,
            1.2231,
            1.3394,
            0.1826,
            0.354,
            0.7661,
            1.4351,
            0.9326,
            0.9644,
            0.8657,
            0.9419,
            0.9443,
            1.0181,
            1.0498,
            1.0317,
            0.9966,
            0.9751,
            0.9873,
            0.9937,
            1.0034,
            1.0122,
            0.9966
        ],
        "impact_id": 7
    },
    {
        "timestamp": 1716668800,
        "index": [
            0,
            5,
            10,
            15,
            20,
            25,
            30,
            35,
            40,
            45,
            50,
            55,
            60,
            65,
            70,
            75,
            80,
            85,
            90,
            95,
            100,
            105,
            110,
            115,
            120,
            125,
            130,
            135,
            140,
            145,
            150,
            155,
            160,
            165,
            170,
            175,
            180,
            185,
            190,
            195,
            200,
            205,
            210,
            215,
            220,
            225
        ],
        "accelx": [
            0.0527,
            -1.2158,
            -1.5864,
            0.1909,
            -0.2495,
            0.0103,
            0.0015,
            -0.0688,
            -0.0557,
            -0.0298,
            -0.0034,
            0.0093,
            0.0742,
            0.0562,
            0.0918,
            0.187,
            1.9863,
            -0.6523,
            -0.0439,
            -0.0933,
            -0.0425,
            -0.0347,
            0.0654,
            -0.0156,
            0.0239,
            -0.0474,
            -0.2119,
            -0.1284,
            0.0146,
            -0.019,
            -0.0205,
            -0.0269,
            -0.0308,
            -0.0352,
            -0.0303,
            -0.0322,
            -0.0342,
            -0.0317,
            -0.0322,
            -0.0317,
            -0.0317,
            -0.0288,
            -0.0303,
            -0.0308,
            -0.0308,
            -0.0308
        ],
        "accely": [
            -0.0562,
            -0.5425,
            2.2407,
            0.3774,
            0.021,
            -0.8218,
            0.3398,
            0.0176,
            0.2031,
            0.1084,
            -0.0366,
            -0.1021,
            -0.6963,
            -0.3677,
            0.0806,
            0.1299,
            1.2559,
            0.6445,
            -0.2915,
            -0.2861,
            -0.5005,
            -0.4844,
            -0.6074,
            0.1636,
            0.2134,
            0.1616,
            -0.1074,
            -0.2534,
            -0.1245,
            -0.0288,
            0.019,
            0.0425,
            0.0137,
            -0.0137,
            -0.0518,
            -0.0239,
            -0.0327,
            -0.0356,
            -0.0342,
            -0.0269,
            -0.0239,
            -0.0322,
            -0.0391,
            -0.0293,
            -0.0317,
            -0.0293
        ],
        "accelz": [
            0.314,
            15.9995,
            -3.624,
            -2.5684,
            -0.5615,
            2.2993,
            -0.7295,
            0.1523,
            -0.4668,
            -0.2524,
            -0.0073,
            0.2832,
            1.7744,
            2.9966,
            0.3735,
            0.7334,
            3.4346,
            1.1763,
            1.1851,
            0.9009,
            1.3062,
            1.5601,
            2.4556,
            1.1113,
            0.7935,
            0.8105,
            0.8452,
            0.8501,
            0.7773,
            1.1367,
            1.1133,
            0.9985,
            1.0078,
            1.0356,
            0.9839,
            1.0049,
            0.9937,
            0.9897,
            0.9951,
            1.0039,
            1.001,
            0.9951,
            1.001,
            0.998,
            1.0029,
            1.001
        ],
        "impact_id": 8
    },
    {
        "timestamp": 1716668928,
        "index": [
            0,
            5,
            10,
            15,
            20,
            25,
            30,
            35,
            40,
            45,
            50,
            55,
            60,
            65,
            70,
            75,
            80,
            85,
            90,
            95,
            100,
            105,
            110,
            115,
            120,
            125,
            130,
            135,
            140,
            145,
            150,
            155,
            160,
            165,
            170,
            175,
            180
        ],
        "accelx": [
            -0.0142,
            -1.4297,
            0.6665,
            6.0767,
            -0.2212,
            0.1074,
            0.043,
            0.0322,
            0.0195,
            0.0566,
            0.0171,
            -0.0581,
            -0.4365,
            -0.4541,
            -0.7832,
            -1.4517,
            -0.1514,
            -0.1118,
            -0.1118,
            0.0312,
            0.0776,
            -0.0654,
            -0.0308,
            -0.0498,
            -0.0562,
            -0.0327,
            -0.0254,
            -0.0117,
            -0.0322,
            -0.0459,
            -0.0352,
            -0.0269,
            -0.0288,
            -0.0303,
            -0.0303,
            -0.0303,
            -0.0273
        ],
        "accely": [
            -0.0366,
            -2.9609,
            1.5601,
            0.3872,
            -0.688,
            0.1309,
            0.4575,
            0.6099,
            0.2168,
            -0.0601,
            -0.1743,
            -0.062,
            -0.3418,
            0.0518,
            0.0522,
            0.7578,
            0.2837,
            -0.1279,
            -0.0469,
            -0.3774,
            -0.2974,
            -0.0034,
            0.0742,
            0.0,
            0.022,
            -0.0073,
            -0.0605,
            -0.0728,
            -0.0308,
            -0.0107,
            -0.0137,
            -0.0352,
            -0.0264,
            -0.0303,
            -0.0259,
            -0.0283,
            -0.0312
        ],
        "accelz": [
            0.1006,
            15.9995,
            -3.0034,
            -0.7002,
            1.6338,
            -0.4033,
            -1.0488,
            -2.2764,
            -0.5415,
            -0.2041,
            0.5117,
            0.2563,
            2.21,
            1.1426,
            2.2969,
            4.5464,
            0.187,
            0.355,
            0.0615,
            0.6748,
            1.1172,
            1.3838,
            1.0293,
            0.8916,
            1.0044,
            1.0737,
            0.9746,
            0.9521,
            1.0127,
            1.0088,
            0.9985,
            0.9961,
            1.0039,
            0.9951,
            1.002,
            0.998,
            0.9946
        ],
        "impact_id": 9
    },
    {
        "timestamp": 1716668928,
        "index": [
            0,
            5,
            10,
            15,
            20,
            25,
            30,
            35,
            40,
            45,
            50,
            55,
            60,
            65,
            70,
            75,
            80,
            85,
            90,
            95,
            100,
            105,
            110,
            115,
            120,
            125,
            130,
            135,
            140,
            145,
            150,
            155,
            160
        ],
        "accelx": [
            -0.0039,
            -0.1689,
            2.5127,
            -0.2661,
            -0.0649,
            -0.0137,
            0.0063,
            -0.0391,
            -0.0166,
            0.0327,
            -0.4048,
            -1.1572,
            -0.563,
            0.0908,
            0.0903,
            0.145,
            0.021,
            -0.0664,
            -0.0142,
            -0.0312,
            -0.0322,
            -0.0283,
            -0.0269,
            -0.0288,
            -0.0303,
            -0.0273,
            -0.0278,
            -0.0312,
            -0.0254,
            -0.0293,
            -0.0327,
            -0.0288,
            -0.0317
        ],
        "accely": [
            -0.0308,
            -1.8428,
            3.0415,
            0.1235,
            -0.4385,
            -0.3003,
            -0.1538,
            0.0581,
            0.0557,
            -0.1621,
            -0.2124,
            -0.2695,
            0.1982,
            -0.1074,
            -0.0684,
            -0.2334,
            -0.2324,
            0.0947,
            0.0308,
            -0.0278,
            -0.0234,
            -0.0293,
            -0.0356,
            -0.0273,
            -0.0269,
            -0.0308,
            -0.0322,
            -0.0259,
            -0.0308,
            -0.0303,
            -0.0283,
            -0.0259,
            -0.0332
        ],
        "accelz": [
            0.0679,
            7.1489,
            4.6978,
            0.5249,
            1.2241,
            0.5435,
            0.5713,
            -0.127,
            -0.1548,
            0.2271,
            1.2075,
            3.3242,
            1.8428,
            0.6235,
            0.1543,
            0.5654,
            1.228,
            1.522,
            1.0396,
            1.0029,
            1.0098,
            0.9946,
            0.9883,
            1.002,
            0.9995,
            0.9937,
            0.9995,
            1.0015,
            0.9976,
            0.9961,
            0.9985,
            0.9976,
            0.9956
        ],
        "impact_id": 10
    },
    {
        "timestamp": 1716668928,
        "index": [
            0,
            5,
            10,
            15,
            20,
            25,
            30,
            35,
            40,
            45,
            50,
            55,
            60,
            65,
            70,
            75,
            80,
            85,
            90,
            95,
            100,
            105,
            110,
            115,
            120,
            125,
            130,
            135,
            140
        ],
        "accelx": [
            -0.4224,
            -3.7974,
            -0.104,
            -0.0317,
            0.0117,
            0.0474,
            0.0264,
            0.0483,
            0.0449,
            -0.1611,
            -0.0815,
            -0.0391,
            -0.0835,
            -0.0747,
            -0.0127,
            -0.0093,
            -0.0234,
            -0.0352,
            -0.043,
            -0.0273,
            -0.0322,
            -0.0278,
            -0.0264,
            -0.0283,
            -0.0332,
            -0.0332,
            -0.0308,
            -0.0269,
            -0.0308
        ],
        "accely": [
            0.4033,
            -0.2485,
            0.1895,
            0.1626,
            0.0986,
            0.1372,
            0.2437,
            0.3667,
            0.4019,
            -0.0137,
            -0.1787,
            -0.2183,
            -0.3071,
            -0.0518,
            0.0054,
            0.0063,
            0.022,
            -0.0264,
            -0.0615,
            -0.0522,
            -0.022,
            -0.0098,
            -0.0361,
            -0.0269,
            -0.0293,
            -0.0303,
            -0.0312,
            -0.0264,
            -0.0322
        ],
        "accelz": [
            -1.0537,
            15.2354,
            0.501,
            0.0952,
            0.6919,
            1.1675,
            1.3135,
            1.0957,
            1.2749,
            1.0708,
            0.7119,
            0.6284,
            1.0063,
            1.1792,
            1.0474,
            0.9722,
            1.0254,
            1.0376,
            0.9702,
            0.9551,
            1.0229,
            1.0166,
            0.9858,
            1.0029,
            0.998,
            0.9937,
            1.0005,
            0.999,
            1.0029
        ],
        "impact_id": 11
    },
    {
        "timestamp": 1716668928,
        "index": [
            0,
            5,
            10,
            15,
            20,
            25,
            30,
            35,
            40,
            45,
            50,
            55,
            60,
            65,
            70,
            75,
            80,
            85,
            90,
            95,
            100,
            105,
            110,
            115,
            120,
            125,
            130,
            135,
            140,
            145,
            150,
            155,
            160,
            165,
            170,
            175,
            180,
            185,
            190,
            195,
            200,
            205
        ],
        "accelx": [
            0.0049,
            -0.7393,
            -0.9702,
            0.4297,
            -0.2544,
            -0.1948,
            -0.0005,
            0.2134,
            0.0864,
            -0.1768,
            -0.0303,
            0.083,
            0.0317,
            -0.0137,
            0.0225,
            0.0542,
            0.0576,
            0.0298,
            0.0181,
            0.0107,
            -0.0132,
            -0.0298,
            -0.0454,
            -0.0527,
            -0.1323,
            -0.1162,
            -0.1069,
            -0.0957,
            -0.0884,
            -0.0791,
            -0.0786,
            -0.0791,
            -0.0747,
            -0.0674,
            -0.0649,
            -0.1216,
            -0.1206,
            -0.1147,
            -0.1035,
            -0.084,
            -0.0601,
            -0.0625
        ],
        "accely": [
            -0.1396,
            -1.041,
            -0.3062,
            -0.5581,
            -0.0239,
            -0.022,
            -0.1689,
            -0.2979,
            -0.0933,
            0.2007,
            -0.0396,
            -0.1582,
            -0.0762,
            0.0396,
            0.021,
            -0.0161,
            -0.0386,
            -0.0356,
            -0.0449,
            -0.0552,
            -0.0557,
            -0.0493,
            -0.0415,
            -0.0537,
            -0.0972,
            -0.0874,
            -0.0732,
            -0.0664,
            -0.0576,
            -0.0581,
            -0.0425,
            -0.0371,
            -0.0322,
            -0.0317,
            -0.0312,
            -0.0591,
            -0.0625,
            -0.0645,
            -0.0771,
            -0.085,
            -0.0669,
            -0.0713
        ],
        "accelz": [
            0.4824,
            10.2661,
            3.6733,
            -0.4419,
            0.5801,
            3.4243,
            2.332,
            0.9683,
            0.6938,
            1.1411,
            1.1938,
            1.0083,
            1.0962,
            1.1675,
            1.2017,
            1.167,
            1.2339,
            1.3242,
            1.3315,
            1.3311,
            1.334,
            1.3027,
            1.2349,
            1.1709,
            1.1343,
            1.1206,
            1.0957,
            1.0576,
            1.0322,
            1.0039,
            0.9834,
            0.9707,
            0.959,
            0.9458,
            0.9507,
            1.0264,
            1.0142,
            1.0015,
            0.9951,
            0.9771,
            0.9771,
            0.9888
        ],
        "impact_id": 12
    }
]