[
    {
        "timestamp": 1716665216,
        "index": [
            0,
            5,
            10,
            15,
            20,
            25,
            30,
            35,
            40,
            45,
            50,
            55,
            60,
            65,
            70,
            75,
            80,
            85,
            90
        ],
        "accelx": [
            0.0083,
            0.1538,
            2.8384,
            0.3428,
            0.1992,
            0.2046,
            0.0762,
            0.0293,
            0.0166,
            0.0337,
            0.062,
            0.0493,
            0.0547,
            0.0259,
            -0.0112,
            -0.0562,
            -0.1396,
            -0.2456,
            -0.2744
        ],
        "accely": [
            0.0352,
            -0.249,
            -4.0078,
            1.1069,
            0.4263,
            0.3936,
            0.2759,
            0.2246,
            0.0752,
            0.0767,
            0.0249,
            0.0503,
            0.02,
            0.0352,
            0.0547,
            0.0947,
            0.187,
            0.3359,
            0.376
        ],
        "accelz": [
            0.335,
            4.3936,
            9.5659,
            0.4199,
            0.4526,
            -0.5142,
            -0.2437,
            -0.3384,
            0.0542,
            -0.0615,
            0.1055,
            -0.042,
            -0.0117,
            -0.0459,
            -0.0093,
            0.106,
            0.3315,
            0.6421,
            0.6885
        ],
        "impact_id": 0
    },
    {
        "timestamp": 1716665216,
        "index": [
            0,
            5,
            10,
            15,
            20,
            25,
            30,
            35,
            40,
            45,
            50,
            55,
            60,
            65,
            70,
            75,
            80,
            85,
            90,
            95,
            100,
            105,
            110,
            115,
            120,
            125,
            130,
            135,
            140,
            145,
            150,
            155,
            160,
            165
        ],
        "accelx": [
            -0.2744,
            -1.9707,
            -0.3574,
            0.6831,
            0.1152,
            0.1689,
            0.083,
            -0.0029,
            -0.0645,
            -0.1284,
            -0.1807,
            -0.27,
            -0.7031,
            -1.2827,
            -0.1313,
            0.0605,
            0.2266,
            -0.019,
            -0.0449,
            0.0527,
            -0.0547,
            -0.0552,
            -0.0708,
            -0.04,
            -0.0249,
            -0.0288,
            -0.0361,
            -0.0503,
            -0.041,
            -0.0298,
            -0.0347,
            -0.0439,
            -0.041,
            -0.0381
        ],
        "accely": [
            0.376,
            0.1528,
            0.0298,
            0.2847,
            0.4565,
            0.1792,
            0.1973,
            0.106,
            0.1465,
            0.1719,
            0.1328,
            0.0679,
            -0.2446,
            0.3818,
            0.3843,
            0.2852,
            0.1885,
            -0.0586,
            -0.0547,
            0.0742,
            -0.0601,
            -0.0234,
            -0.0464,
            -0.0156,
            -0.0034,
            -0.0063,
            -0.0264,
            -0.0249,
            -0.0146,
            -0.0146,
            -0.0166,
            -0.0161,
            -0.0225,
            -0.0166
        ],
        "accelz": [
            0.6885,
            8.1704,
            4.749,
            0.4087,
            -0.3267,
            0.2246,
            0.1455,
            0.2446,
            0.2183,
            0.2778,
            0.4746,
            0.7114,
            2.229,
            3.8081,
            0.7119,
            0.1782,
            0.5723,
            1.3364,
            1.4146,
            0.8652,
            0.9072,
            1.0171,
            1.0327,
            0.9429,
            1.0117,
            1.0366,
            0.9829,
            0.9834,
            1.0107,
            1.0063,
            0.9941,
            0.9966,
            0.9956,
            1.0
        ],
        "impact_id": 1
    },
    {
        "timestamp": 1716665216,
        "index": [
            0,
            5,
            10,
            15,
            20,
            25,
            30,
            35,
            40,
            45,
            50,
            55,
            60,
            65,
            70,
            75,
            80,
            85,
            90,
            95,
            100,
            105,
            110,
            115,
            120,
            125,
            130,
            135,
            140,
            145,
            150,
            155,
            160,
            165,
            170,
            175,
            180,
            185,
            190,
            195,
            200,
            205,
            210,
            215,
            220,
            225,
            230,
            235,
            240,
            245,
            250
        ],
        "accelx": [
            0.4009,
            0.8135,
            -0.7119,
            -0.0352,
            -0.0576,
            0.0083,
            -0.0752,
            -0.082,
            -0.0903,
            -0.0288,
            -0.0127,
            0.0688,
            0.1006,
            -0.208,
            -0.0801,
            -0.0195,
            -0.0674,
            -0.4985,
            -1.0581,
            0.2817,
            -0.0762,
            0.0596,
            0.0742,
            0.2476,
            -0.0054,
            -0.0273,
            -0.0381,
            -0.0332,
            -0.1777,
            -1.0703,
            -0.437,
            0.0977,
            0.2349,
            0.2222,
            -0.1455,
            -0.2251,
            -0.0054,
            0.0576,
            -0.0752,
            -0.064,
            -0.02,
            -0.0249,
            -0.0391,
            -0.0366,
            -0.0371,
            -0.0337,
            -0.0371,
            -0.0386,
            -0.0317,
            -0.0347,
            -0.0405
        ],
        "accely": [
            -0.9702,
            3.5903,
            1.7021,
            0.7021,
            -0.0171,
            -0.5513,
            -0.2007,
            -0.0259,
            -0.02,
            -0.0854,
            -0.1094,
            -0.1748,
            -0.8159,
            -0.0127,
            0.0249,
            -0.0386,
            -0.0923,
            -0.605,
            -0.4194,
            0.8301,
            -0.6699,
            -0.2524,
            -0.1519,
            -0.1138,
            -0.0562,
            0.0225,
            -0.0298,
            -0.0405,
            -0.1543,
            -0.7036,
            -0.2378,
            -0.1279,
            -0.0967,
            -0.1875,
            -0.0293,
            0.1743,
            0.0405,
            -0.0493,
            -0.0713,
            -0.0571,
            -0.0264,
            -0.0059,
            -0.0371,
            -0.0464,
            -0.0264,
            -0.0205,
            -0.0356,
            -0.0405,
            -0.0298,
            -0.0234,
            -0.0371
        ],
        "accelz": [
            2.7861,
            8.9771,
            -4.9668,
            -1.9409,
            -0.3252,
            1.584,
            0.6729,
            0.1357,
            0.0937,
            0.2783,
            0.2612,
            0.2715,
            1.5522,
            0.376,
            -0.0063,
            0.0811,
            0.3306,
            2.3882,
            4.6899,
            5.749,
            0.8804,
            0.3901,
            0.1177,
            -0.1636,
            0.021,
            -0.124,
            0.1963,
            0.2637,
            1.1162,
            3.9565,
            1.7881,
            0.6035,
            0.2598,
            0.7573,
            1.3262,
            1.3984,
            1.0234,
            0.8018,
            1.0327,
            1.0591,
            0.958,
            1.0083,
            1.0112,
            0.9707,
            1.0122,
            0.9966,
            0.9902,
            0.9956,
            1.0039,
            1.0039,
            0.9956
        ],
        "impact_id": 2
    },
    {
        "timestamp": 1716665216,
        "index": [
            0,
            5,
            10,
            15,
            20,
            25,
            30,
            35,
            40,
            45,
            50,
            55,
            60,
            65,
            70,
            75,
            80,
            85,
            90,
            95,
            100,
            105,
            110,
            115,
            120,
            125,
            130,
            135,
            140,
            145,
            150,
            155,
            160
        ],
        "accelx": [
            0.7607,
            0.3794,
            1.2822,
            0.0205,
            0.0225,
            0.0503,
            0.0767,
            0.0825,
            0.0864,
            0.0732,
            0.0386,
            -0.0249,
            -0.1333,
            -0.2231,
            -0.2534,
            1.7925,
            1.7476,
            0.415,
            0.1406,
            0.1104,
            0.0449,
            0.0894,
            0.0913,
            0.022,
            -0.0459,
            -0.0571,
            -0.0728,
            -0.0464,
            -0.0054,
            0.0122,
            -0.0015,
            -0.0044,
            -0.0181
        ],
        "accely": [
            -0.644,
            -0.7256,
            0.5283,
            -0.0903,
            -0.0449,
            -0.0615,
            -0.0708,
            -0.0396,
            -0.0088,
            0.0225,
            0.0508,
            0.0405,
            0.0742,
            0.127,
            1.5059,
            1.8306,
            -0.1055,
            0.3311,
            0.0679,
            0.1035,
            -0.0796,
            -0.0415,
            -0.0933,
            -0.0781,
            -0.0649,
            -0.0791,
            -0.083,
            -0.0405,
            -0.0391,
            -0.0244,
            -0.0068,
            -0.0225,
            -0.0435
        ],
        "accelz": [
            0.4253,
            6.5845,
            -0.2793,
            0.1367,
            0.0566,
            0.1392,
            0.2021,
            0.248,
            0.3267,
            0.4102,
            0.5068,
            0.7427,
            1.0757,
            1.731,
            6.832,
            0.7402,
            -0.8462,
            -1.6646,
            -0.4951,
            -0.6455,
            0.106,
            -0.1289,
            0.2129,
            0.7646,
            0.8218,
            0.9902,
            1.0269,
            0.9146,
            0.9873,
            1.0605,
            1.0469,
            1.0195,
            0.999
        ],
        "impact_id": 3
    },
    {
        "timestamp": 1716665216,
        "index": [
            0,
            5,
            10,
            15,
            20,
            25,
            30,
            35,
            40,
            45,
            50,
            55,
            60,
            65,
            70,
            75,
            80,
            85,
            90,
            95,
            100,
            105,
            110,
            115,
            120,
            125,
            130,
            135,
            140,
            145,
            150,
            155,
            160,
            165,
            170,
            175,
            180,
            185,
            190,
            195,
            200,
            205,
            210
        ],
        "accelx": [
            0.0112,
            3.1152,
            -0.5962,
            -5.9302,
            1.9795,
            1.4878,
            0.4888,
            0.2002,
            0.0713,
            0.1157,
            0.0903,
            0.1646,
            0.0874,
            0.0601,
            -0.0254,
            -0.0757,
            -0.1245,
            -0.1475,
            -0.1172,
            -0.0513,
            0.0405,
            -0.4302,
            -0.0068,
            0.0811,
            0.0732,
            0.0454,
            0.0596,
            0.0161,
            -0.0566,
            -0.0825,
            -0.0479,
            -0.0244,
            0.0024,
            0.0166,
            0.0122,
            -0.0068,
            -0.0298,
            -0.0312,
            -0.0122,
            -0.0044,
            -0.0039,
            -0.0073,
            -0.0088
        ],
        "accely": [
            -0.0474,
            -3.4204,
            0.5186,
            3.2041,
            -0.9185,
            -0.48,
            -0.6182,
            -0.5664,
            -0.0806,
            -0.0845,
            -0.2026,
            -0.3608,
            -0.2153,
            -0.084,
            0.0137,
            0.0459,
            0.0425,
            0.0312,
            -0.022,
            -0.0298,
            0.3569,
            0.7598,
            -0.1655,
            -0.0898,
            0.0059,
            0.0308,
            0.0674,
            -0.0483,
            -0.0952,
            -0.0688,
            -0.0923,
            -0.0488,
            -0.0112,
            -0.001,
            -0.0151,
            -0.0371,
            -0.0386,
            -0.0488,
            -0.0396,
            -0.0283,
            -0.022,
            -0.0298,
            -0.0327
        ],
        "accelz": [
            0.0537,
            3.9653,
            1.9683,
            15.9995,
            3.2524,
            0.5552,
            1.2671,
            1.7422,
            0.146,
            -0.0903,
            0.1514,
            0.7407,
            0.3901,
            0.2314,
            0.0571,
            0.1475,
            0.2129,
            0.1401,
            0.1167,
            0.0679,
            0.7881,
            2.5142,
            1.7524,
            0.9302,
            0.5244,
            0.8325,
            1.3965,
            1.1182,
            0.8975,
            0.8076,
            0.9497,
            1.0186,
            1.0024,
            1.0479,
            1.0488,
            0.998,
            0.9766,
            0.9741,
            0.9946,
            1.0112,
            1.0146,
            1.0005,
            1.002
        ],
        "impact_id": 4
    },
    {
        "timestamp": 1716665216,
        "index": [
            0,
            5,
            10,
            15,
            20,
            25,
            30,
            35,
            40,
            45,
            50,
            55,
            60,
            65,
            70,
            75,
            80,
            85,
            90,
            95,
            100,
            105,
            110,
            115,
            120,
            125,
            130,
            135,
            140,
            145,
            150,
            155,
            160,
            165,
            170,
            175,
            180
        ],
        "accelx": [
            1.1177,
            -1.1372,
            -1.0024,
            -0.147,
            0.0415,
            0.0732,
            0.0757,
            -0.1367,
            -0.3052,
            -0.1655,
            -0.3306,
            1.5322,
            0.4834,
            0.0981,
            0.0728,
            -0.0137,
            -0.0059,
            -0.0522,
            -0.1191,
            -0.5918,
            -0.8413,
            0.0903,
            0.1411,
            0.0352,
            0.0024,
            0.0117,
            -0.0117,
            -0.0215,
            -0.0151,
            -0.0103,
            -0.0112,
            -0.0098,
            -0.0098,
            -0.0186,
            -0.0132,
            -0.0122,
            -0.0098
        ],
        "accely": [
            -1.1572,
            2.3013,
            -0.229,
            0.9976,
            -0.1299,
            -0.1333,
            -0.1553,
            -0.1343,
            0.0488,
            0.2578,
            2.0972,
            0.0015,
            -0.2256,
            -0.2446,
            -0.1382,
            -0.0552,
            -0.0376,
            -0.0352,
            0.0361,
            -0.0801,
            -0.6636,
            -0.4756,
            -0.0293,
            0.0728,
            -0.0371,
            -0.0361,
            -0.0347,
            -0.0366,
            -0.0488,
            -0.0391,
            -0.0269,
            -0.0322,
            -0.0366,
            -0.0381,
            -0.0347,
            -0.0371,
            -0.0352
        ],
        "accelz": [
            0.9082,
            7.8359,
            5.897,
            -2.2529,
            0.127,
            0.21,
            0.4971,
            1.5615,
            1.9531,
            2.085,
            7.665,
            1.2563,
            0.145,
            0.2109,
            0.2251,
            0.0923,
            0.1523,
            0.3525,
            0.4878,
            1.9028,
            2.9497,
            1.2744,
            0.1968,
            0.4526,
            1.0391,
            1.0381,
            1.0034,
            0.9941,
            0.978,
            0.9927,
            1.0103,
            1.0103,
            0.9946,
            0.9907,
            0.9941,
            1.0034,
            1.0054
        ],
        "impact_id": 5
    },
    {
        "timestamp": 1716665216,
        "index": [
            0,
            5,
            10,
            15,
            20,
            25,
            30,
            35,
            40,
            45,
            50,
            55,
            60,
            65,
            70,
            75,
            80,
            85,
            90,
            95,
            100,
            105,
            110,
            115,
            120,
            125,
            130,
            135,
            140,
            145,
            150,
            155,
            160,
            165,
            170,
            175,
            180,
            185,
            190
        ],
        "accelx": [
            0.293,
            -4.5415,
            -0.4585,
            0.0195,
            -0.0464,
            -0.0171,
            -0.0435,
            -0.0513,
            -0.0835,
            0.0103,
            0.1099,
            0.3291,
            0.8125,
            0.1206,
            0.019,
            0.021,
            -0.0044,
            -0.2583,
            -0.6812,
            0.0449,
            0.063,
            0.0825,
            0.0894,
            0.0,
            0.0088,
            -0.0278,
            -0.0356,
            -0.0347,
            -0.0273,
            0.0,
            0.0103,
            -0.0063,
            -0.0225,
            -0.02,
            -0.0146,
            -0.0049,
            -0.0098,
            -0.0112,
            -0.0176
        ],
        "accely": [
            -0.3076,
            5.7583,
            2.0342,
            0.2012,
            -0.3428,
            -0.7427,
            -0.3062,
            -0.1255,
            0.0029,
            -0.0884,
            -0.2271,
            -0.3784,
            -0.9292,
            -0.166,
            -0.043,
            -0.0557,
            -0.2769,
            0.0264,
            -0.7012,
            -0.1558,
            0.0674,
            0.1284,
            0.189,
            0.1016,
            -0.063,
            -0.0757,
            -0.0718,
            -0.0654,
            -0.0259,
            -0.02,
            -0.0298,
            -0.0273,
            -0.0337,
            -0.0474,
            -0.0405,
            -0.0303,
            -0.0269,
            -0.0366,
            -0.042
        ],
        "accelz": [
            0.5615,
            15.9995,
            -1.4609,
            -2.6357,
            0.2324,
            1.2935,
            0.8213,
            0.3511,
            -0.1426,
            0.2676,
            0.2793,
            0.3911,
            0.8101,
            0.1284,
            0.0327,
            0.1152,
            1.1846,
            6.0024,
            2.686,
            1.292,
            0.606,
            0.626,
            0.9912,
            1.3716,
            1.0146,
            0.8726,
            0.9463,
            1.0063,
            0.9863,
            1.0044,
            1.0386,
            1.0103,
            0.9932,
            0.9824,
            0.9917,
            1.0083,
            1.0122,
            0.9976,
            0.9922
        ],
        "impact_id": 6
    }
]