[
    {
        "timestamp": 1716047104,
        "index": [
            0,
            5,
            10,
            15,
            20,
            25,
            30,
            35,
            40,
            45,
            50,
            55,
            60,
            65,
            70,
            75,
            80,
            85,
            90
        ],
        "accelx": [
            -0.135,
            -0.3147,
            -0.366,
            -0.2532,
            -0.248,
            -0.0386,
            -0.0276,
            -0.0037,
            0.0383,
            0.064,
            0.0527,
            0.0508,
            0.0483,
            0.0671,
            0.05,
            0.0835,
            0.0632,
            0.0657,
            0.1169
        ],
        "accely": [
            0.0168,
            -2.8535,
            0.2065,
            0.0537,
            0.2214,
            0.0906,
            0.0137,
            -0.0054,
            -0.0112,
            -0.031,
            -0.0017,
            -0.0103,
            -0.0093,
            -0.0413,
            -0.0476,
            -0.0273,
            -0.0139,
            -0.0159,
            -0.0398
        ],
        "accelz": [
            0.8953,
            7.9998,
            1.4517,
            1.0874,
            0.6167,
            1.053,
            1.0674,
            1.0513,
            0.946,
            0.9741,
            0.9734,
            1.0112,
            0.9783,
            1.0168,
            1.0615,
            0.9897,
            0.9429,
            0.9502,
            1.0276
        ],
        "impact_id": 0
    },
    {
        "timestamp": 1716053248,
        "index": [
            0,
            5,
            10,
            15,
            20,
            25,
            30,
            35,
            40,
            45,
            50,
            55,
            60,
            65,
            70,
            75,
            80,
            85,
            90,
            95,
            100,
            105,
            110,
            115,
            120,
            125,
            130,
            135,
            140,
            145,
            150,
            155,
            160,
            165,
            170,
            175,
            180,
            185,
            190,
            195,
            200,
            205
        ],
        "accelx": [
            1.1567,
            -4.8245,
            1.3147,
            2.8042,
            1.4009,
            0.4988,
            0.1091,
            -0.1111,
            -0.3071,
            -0.1165,
            -0.1729,
            -0.7671,
            0.3687,
            -0.5784,
            -0.8792,
            1.8569,
            1.2026,
            0.1682,
            0.4785,
            0.6013,
            0.6062,
            -0.1067,
            -0.3762,
            -0.2195,
            -0.0559,
            -0.064,
            -0.0649,
            -0.0264,
            -0.0017,
            0.01,
            -0.0347,
            0.0068,
            -0.0444,
            -0.0115,
            -0.009,
            0.001,
            0.0037,
            0.0046,
            -0.0093,
            -0.0259,
            -0.0129,
            -0.0166
        ],
        "accely": [
            -2.9531,
            -2.3354,
            -3.2048,
            -1.6765,
            1.4683,
            2.0303,
            -0.082,
            -0.1245,
            0.5222,
            0.0969,
            0.031,
            -0.0964,
            0.1345,
            0.6567,
            0.3328,
            -0.4338,
            0.0305,
            0.8721,
            -0.175,
            -0.5732,
            -0.0691,
            0.439,
            -0.2161,
            -0.1519,
            0.0093,
            -0.0496,
            -0.0842,
            -0.0227,
            -0.0405,
            -0.0046,
            -0.0569,
            -0.0183,
            -0.0371,
            -0.0386,
            -0.0039,
            -0.0393,
            -0.0364,
            -0.0078,
            0.0063,
            -0.0496,
            -0.0518,
            -0.0254
        ],
        "accelz": [
            -0.0527,
            4.0701,
            2.2205,
            0.3203,
            1.7803,
            -4.4788,
            0.3,
            -0.7686,
            -0.0383,
            0.1692,
            -0.3984,
            0.5259,
            -0.4998,
            -1.8264,
            -0.2395,
            0.9949,
            0.6394,
            -0.4692,
            0.8542,
            1.3564,
            0.4641,
            1.0872,
            0.8792,
            1.7385,
            0.7544,
            1.0564,
            1.2881,
            0.9561,
            0.8643,
            0.9619,
            0.9517,
            1.061,
            0.9067,
            1.0144,
            0.936,
            1.0347,
            0.9839,
            0.9668,
            0.9805,
            0.9675,
            1.0085,
            0.9675
        ],
        "impact_id": 1
    },
    {
        "timestamp": 1716062208,
        "index": [
            0,
            5,
            10,
            15,
            20,
            25,
            30,
            35,
            40,
            45,
            50,
            55,
            60,
            65,
            70,
            75,
            80
        ],
        "accelx": [
            1.0601,
            2.054,
            -0.0332,
            -0.0308,
            -0.0344,
            -0.0396,
            -0.0479,
            -0.0525,
            -0.0598,
            -0.0603,
            -0.0752,
            -0.082,
            -0.0859,
            -0.0906,
            -0.0969,
            -0.0989,
            -0.1033
        ],
        "accely": [
            0.5115,
            -1.991,
            0.1252,
            0.1221,
            0.1191,
            0.1157,
            0.1094,
            0.1033,
            0.1042,
            0.1001,
            0.095,
            0.0874,
            0.0847,
            0.084,
            0.0818,
            0.0764,
            0.0728
        ],
        "accelz": [
            1.4612,
            7.6948,
            0.8889,
            0.8906,
            0.8938,
            0.9004,
            0.905,
            0.9114,
            0.9204,
            0.9399,
            0.9456,
            0.9541,
            0.9617,
            0.9736,
            0.9912,
            0.9993,
            1.0046
        ],
        "impact_id": 2
    },
    {
        "timestamp": 1716068480,
        "index": [
            0,
            5,
            10,
            15,
            20,
            25,
            30,
            35,
            40,
            45,
            50,
            55,
            60,
            65,
            70,
            75,
            80,
            85,
            90,
            95,
            100,
            105,
            110,
            115,
            120,
            125,
            130,
            135
        ],
        "accelx": [
            -0.0005,
            -3.2192,
            -0.5239,
            0.0002,
            0.0859,
            0.1375,
            0.1702,
            -0.1926,
            0.6008,
            -0.1816,
            -0.0967,
            -0.2097,
            -0.2163,
            -0.0198,
            -0.0107,
            -0.0061,
            -0.0742,
            0.0125,
            -0.0574,
            -0.0178,
            -0.012,
            -0.0039,
            -0.0171,
            -0.0068,
            -0.0215,
            -0.0188,
            -0.041,
            -0.0288
        ],
        "accely": [
            0.032,
            -0.8811,
            0.8938,
            -0.3003,
            -0.594,
            -0.1025,
            0.1497,
            -0.0769,
            -0.4629,
            0.1184,
            0.019,
            -0.0508,
            0.0562,
            0.0278,
            -0.0188,
            0.0166,
            0.0422,
            -0.0171,
            -0.0178,
            -0.0129,
            -0.0022,
            0.0066,
            0.0098,
            -0.0015,
            -0.0005,
            -0.0166,
            -0.0107,
            -0.0068
        ],
        "accelz": [
            0.3909,
            7.9998,
            -0.916,
            -0.2241,
            0.6707,
            0.5288,
            1.6292,
            -1.1501,
            2.1775,
            1.1431,
            0.9492,
            -0.2278,
            1.1985,
            0.519,
            1.0925,
            0.6968,
            1.0845,
            0.8491,
            1.0413,
            0.9404,
            1.0264,
            1.0117,
            1.022,
            0.9644,
            1.0144,
            0.9458,
            0.9568,
            0.9246
        ],
        "impact_id": 3
    },
    {
        "timestamp": 1716114688,
        "index": [
            0,
            5,
            10,
            15,
            20,
            25,
            30,
            35,
            40,
            45,
            50,
            55,
            60,
            65,
            70,
            75,
            80,
            85,
            90,
            95,
            100,
            105,
            110,
            115
        ],
        "accelx": [
            0.1543,
            -1.095,
            0.2603,
            0.3159,
            0.4419,
            0.2461,
            0.2249,
            0.209,
            0.1118,
            0.0669,
            0.0505,
            0.0784,
            0.0415,
            -0.051,
            -0.0679,
            -0.0405,
            -0.0659,
            -0.0459,
            -0.061,
            -0.0754,
            -0.1072,
            -0.105,
            -0.0994,
            -0.1357
        ],
        "accely": [
            -0.0295,
            -1.1873,
            -0.1257,
            0.1357,
            -0.052,
            -0.0691,
            -0.0303,
            -0.0342,
            0.0547,
            0.0093,
            0.0237,
            0.0242,
            -0.0537,
            -0.0537,
            -0.0801,
            -0.0291,
            -0.0383,
            -0.0823,
            -0.0898,
            -0.1089,
            -0.0925,
            -0.0386,
            -0.0449,
            -0.0017
        ],
        "accelz": [
            0.677,
            6.3245,
            1.5779,
            0.6558,
            0.3091,
            0.5942,
            0.7739,
            1.1477,
            1.1912,
            1.0952,
            1.0481,
            0.9385,
            0.8564,
            1.0588,
            1.0479,
            0.9446,
            0.9109,
            0.9177,
            0.9956,
            1.0176,
            0.9756,
            0.9509,
            0.96,
            1.0024
        ],
        "impact_id": 4
    },
    {
        "timestamp": 1716115584,
        "index": [
            0,
            5,
            10,
            15,
            20,
            25,
            30,
            35,
            40,
            45,
            50,
            55,
            60,
            65,
            70,
            75,
            80,
            85,
            90,
            95,
            100,
            105,
            110,
            115,
            120,
            125,
            130,
            135,
            140,
            145,
            150,
            155,
            160,
            165,
            170
        ],
        "accelx": [
            -0.002,
            1.0352,
            0.6228,
            0.2927,
            0.405,
            -0.0261,
            0.0735,
            0.0691,
            -0.1604,
            -0.0725,
            0.1316,
            0.0979,
            0.0889,
            0.0049,
            0.0098,
            -0.0132,
            -0.0168,
            0.0181,
            0.1008,
            0.1013,
            -0.0093,
            -0.0151,
            0.0417,
            0.041,
            0.0317,
            0.0276,
            0.0259,
            0.0396,
            0.0396,
            0.0024,
            0.0017,
            0.0266,
            0.0396,
            0.0317,
            0.032
        ],
        "accely": [
            0.0857,
            -3.4028,
            0.8159,
            -0.1384,
            -0.21,
            -0.3562,
            -0.1724,
            0.01,
            0.0835,
            0.0933,
            -0.248,
            0.0332,
            -0.1482,
            -0.1406,
            0.094,
            0.0591,
            -0.0359,
            0.0249,
            -0.0625,
            -0.1421,
            -0.0579,
            -0.0117,
            0.009,
            0.0068,
            -0.032,
            -0.0469,
            -0.0154,
            -0.0222,
            -0.042,
            -0.0303,
            -0.0291,
            -0.0303,
            -0.0405,
            -0.0254,
            -0.0154
        ],
        "accelz": [
            0.2783,
            7.9998,
            1.8071,
            1.1609,
            0.2542,
            1.4817,
            0.416,
            0.4614,
            1.1213,
            0.731,
            1.1377,
            1.1638,
            0.4385,
            1.145,
            1.4087,
            0.7935,
            0.7405,
            0.9678,
            1.1228,
            1.1445,
            0.9275,
            0.7817,
            0.8972,
            1.0537,
            1.0679,
            1.0007,
            0.9338,
            0.9912,
            0.9966,
            0.9414,
            0.9185,
            0.9602,
            1.0491,
            1.0356,
            0.9592
        ],
        "impact_id": 5
    },
    {
        "timestamp": 1716115584,
        "index": [
            0,
            5,
            10,
            15,
            20,
            25,
            30,
            35,
            40,
            45,
            50,
            55,
            60,
            65,
            70,
            75,
            80,
            85,
            90,
            95,
            100,
            105,
            110,
            115,
            120,
            125,
            130,
            135,
            140,
            145,
            150
        ],
        "accelx": [
            -0.1553,
            3.4739,
            0.3838,
            1.1982,
            0.7622,
            1.074,
            0.3167,
            0.4124,
            0.2649,
            0.0564,
            0.0935,
            0.0286,
            0.0166,
            -0.0161,
            0.01,
            0.0,
            0.0845,
            -0.0552,
            0.0354,
            -0.0266,
            -0.0391,
            -0.0415,
            -0.0129,
            0.0076,
            -0.0051,
            0.0063,
            0.0,
            -0.0078,
            0.0,
            -0.0005,
            -0.0017
        ],
        "accely": [
            1.2366,
            5.8074,
            -2.7771,
            -0.1443,
            -0.2126,
            -0.2344,
            -0.0208,
            -0.1067,
            0.2534,
            0.0884,
            -0.0356,
            -0.0293,
            -0.0125,
            -0.0544,
            0.0161,
            -0.0261,
            -0.0342,
            0.0591,
            -0.0544,
            -0.0784,
            -0.0601,
            -0.0269,
            -0.0195,
            -0.0137,
            -0.0122,
            -0.0166,
            -0.0173,
            -0.0229,
            -0.0261,
            -0.0264,
            -0.0234
        ],
        "accelz": [
            -2.7354,
            -4.6052,
            4.48,
            4.0122,
            1.9658,
            0.5579,
            1.3896,
            0.9131,
            0.177,
            1.2092,
            1.2002,
            0.9775,
            1.1567,
            0.9475,
            0.8286,
            1.113,
            0.8542,
            1.0857,
            0.9844,
            0.8289,
            0.9143,
            0.9939,
            1.04,
            0.9961,
            0.9558,
            0.9658,
            1.04,
            1.0405,
            0.9839,
            0.9492,
            0.9631
        ],
        "impact_id": 6
    },
    {
        "timestamp": 1716134656,
        "index": [
            0,
            5,
            10,
            15,
            20,
            25,
            30,
            35,
            40,
            45,
            50,
            55,
            60,
            65,
            70,
            75,
            80,
            85,
            90,
            95,
            100,
            105,
            110,
            115,
            120,
            125,
            130,
            135,
            140,
            145,
            150,
            155
        ],
        "accelx": [
            0.0,
            1.0522,
            0.0537,
            -0.46,
            -0.155,
            -0.2104,
            0.0073,
            -0.0642,
            -0.0486,
            0.0803,
            0.0093,
            0.0022,
            -0.0859,
            -0.1204,
            -0.0442,
            -0.0081,
            0.0798,
            -0.0449,
            -0.0371,
            -0.0332,
            0.0193,
            0.0044,
            -0.0007,
            0.0049,
            -0.0076,
            0.0017,
            -0.0046,
            -0.0051,
            -0.0012,
            0.0,
            0.0002,
            0.0005
        ],
        "accely": [
            -0.0366,
            -6.9165,
            -0.2078,
            0.1912,
            -0.0703,
            0.3279,
            0.1724,
            0.2437,
            0.2622,
            0.1008,
            -0.0034,
            -0.0288,
            0.8472,
            0.0557,
            -0.0056,
            0.2751,
            -0.229,
            -0.0017,
            -0.0774,
            -0.0808,
            -0.0056,
            -0.0334,
            -0.0176,
            -0.0151,
            -0.0298,
            -0.0276,
            -0.0308,
            -0.0203,
            -0.0168,
            -0.0183,
            -0.0183,
            -0.0232
        ],
        "accelz": [
            0.9741,
            -2.3164,
            2.3428,
            0.5806,
            1.4297,
            0.6013,
            0.9766,
            0.9636,
            1.0281,
            1.0601,
            1.0298,
            0.9805,
            0.8093,
            0.5676,
            1.0266,
            1.0356,
            1.1111,
            0.8328,
            0.8677,
            0.9026,
            0.9478,
            1.0129,
            1.0208,
            0.9895,
            0.9683,
            0.9705,
            0.9722,
            0.9741,
            0.9922,
            0.9866,
            0.9812,
            0.9795
        ],
        "impact_id": 7
    },
    {
        "timestamp": 1716134784,
        "index": [
            0,
            5,
            10,
            15,
            20,
            25,
            30,
            35,
            40,
            45,
            50,
            55,
            60,
            65,
            70,
            75,
            80,
            85,
            90,
            95,
            100,
            105,
            110,
            115,
            120,
            125,
            130,
            135,
            140,
            145
        ],
        "accelx": [
            0.9844,
            -0.2827,
            0.7476,
            0.4736,
            0.1692,
            0.2043,
            0.0215,
            0.04,
            0.0193,
            -0.0576,
            0.0044,
            -0.0244,
            -0.0242,
            0.0327,
            0.0442,
            0.0461,
            -0.0256,
            -0.0322,
            -0.0303,
            -0.0127,
            -0.0105,
            -0.0154,
            -0.0098,
            -0.0024,
            -0.0112,
            -0.0042,
            -0.0017,
            -0.0059,
            -0.0068,
            -0.011
        ],
        "accely": [
            -3.1665,
            -0.1829,
            -0.4927,
            -0.5813,
            0.1523,
            0.0833,
            -0.0557,
            -0.0605,
            -0.0344,
            -0.0767,
            -0.0149,
            -0.0437,
            -0.0149,
            -0.0405,
            -0.0481,
            -0.0496,
            -0.012,
            -0.0002,
            -0.0129,
            -0.0251,
            -0.0334,
            -0.0305,
            -0.0342,
            -0.0349,
            -0.0286,
            -0.0227,
            -0.0237,
            -0.0242,
            -0.0271,
            -0.0291
        ],
        "accelz": [
            3.4368,
            7.0229,
            5.9277,
            2.856,
            -0.1174,
            0.2693,
            0.6257,
            0.7761,
            1.5137,
            1.5581,
            1.092,
            0.6838,
            0.8347,
            0.9045,
            1.1206,
            1.0693,
            0.9736,
            0.948,
            0.9431,
            0.9666,
            0.99,
            0.981,
            0.9768,
            0.9731,
            0.9741,
            0.9902,
            1.0095,
            0.9954,
            0.9719,
            0.9731
        ],
        "impact_id": 8
    },
    {
        "timestamp": 1716135296,
        "index": [
            0,
            5,
            10,
            15,
            20,
            25,
            30,
            35,
            40,
            45,
            50,
            55,
            60,
            65,
            70,
            75,
            80,
            85,
            90,
            95,
            100,
            105,
            110,
            115,
            120,
            125,
            130,
            135,
            140,
            145,
            150,
            155,
            160,
            165,
            170,
            180
        ],
        "accelx": [
            0.1748,
            5.2244,
            -1.2493,
            -0.2134,
            4.6963,
            0.7942,
            0.4556,
            1.6882,
            1.0332,
            0.3865,
            0.52,
            0.0349,
            -0.1477,
            -0.491,
            -0.2822,
            -0.4312,
            -0.1995,
            -0.1704,
            0.0,
            -0.0486,
            0.2498,
            -0.0642,
            -0.0627,
            -0.095,
            -0.0676,
            -0.0383,
            -0.0327,
            -0.0251,
            -0.0193,
            -0.0298,
            -0.0063,
            -0.0374,
            -0.0188,
            -0.03,
            -0.0193,
            -0.0427
        ],
        "accely": [
            -0.2012,
            -1.0063,
            3.228,
            2.073,
            -0.0059,
            1.4634,
            0.8682,
            -1.0923,
            -1.0276,
            -0.1238,
            -0.3594,
            0.0937,
            -0.0051,
            0.0088,
            -0.0803,
            0.0759,
            0.1104,
            0.0271,
            0.0093,
            0.0115,
            -0.1765,
            -0.0356,
            -0.0198,
            0.0132,
            -0.0835,
            -0.0479,
            -0.0374,
            0.0012,
            -0.0051,
            -0.0154,
            -0.0298,
            -0.0103,
            0.0115,
            0.0039,
            -0.0193,
            -0.0322
        ],
        "accelz": [
            1.0193,
            2.5613,
            -1.0391,
            6.4434,
            -7.7246,
            -2.6172,
            -0.3765,
            1.3491,
            1.6921,
            -0.4895,
            2.3484,
            0.4314,
            1.1404,
            1.0371,
            0.8997,
            0.9719,
            0.9001,
            0.9038,
            0.907,
            1.1326,
            0.8474,
            1.4531,
            1.0693,
            0.9395,
            0.8406,
            0.9653,
            0.9336,
            0.9763,
            0.9871,
            0.9839,
            0.9666,
            0.9736,
            1.0059,
            1.0164,
            1.0249,
            0.9663
        ],
        "impact_id": 9
    },
    {
        "timestamp": 1716139264,
        "index": [
            0,
            5,
            10,
            15,
            20,
            25,
            30,
            35,
            40,
            45,
            50,
            55,
            60,
            65,
            70,
            75,
            80,
            85,
            90,
            95,
            100,
            105,
            110,
            115,
            120,
            125,
            130,
            135,
            140,
            145,
            150,
            155,
            160,
            165,
            170,
            175,
            180,
            185,
            190,
            195,
            200,
            205,
            210,
            215,
            220,
            225,
            230,
            235,
            240,
            245,
            250,
            255,
            260
        ],
        "accelx": [
            0.3044,
            0.021,
            0.9956,
            1.1353,
            -0.1116,
            -0.2122,
            -0.6089,
            -0.2209,
            0.2021,
            0.0977,
            -0.2319,
            -0.3401,
            -0.1345,
            -0.3186,
            -0.3655,
            -0.2014,
            -0.1123,
            -0.1978,
            -0.2874,
            -0.1294,
            -0.197,
            -0.207,
            -0.1682,
            -0.1084,
            -0.1731,
            -0.1177,
            -0.1064,
            -0.2144,
            -0.2275,
            -0.2021,
            -0.1738,
            -0.1008,
            -0.1431,
            -0.063,
            -0.1077,
            -0.0872,
            -0.1963,
            -0.196,
            -0.1472,
            -0.1663,
            -0.1853,
            -0.1868,
            -0.1365,
            -0.1599,
            -0.1624,
            -0.1208,
            -0.0933,
            -0.1428,
            -0.1711,
            -0.123,
            -0.1421,
            -0.1462,
            -0.1499
        ],
        "accely": [
            0.1104,
            -1.5635,
            0.4155,
            -0.9766,
            0.4194,
            -0.1021,
            0.1143,
            0.2556,
            -0.092,
            -0.2146,
            -0.0049,
            -0.02,
            -0.0215,
            -0.0889,
            -0.0383,
            -0.0188,
            -0.0908,
            -0.0173,
            -0.0251,
            -0.0964,
            -0.126,
            -0.0188,
            0.001,
            0.042,
            0.0049,
            -0.1216,
            -0.1167,
            -0.1448,
            -0.0264,
            -0.0063,
            -0.054,
            -0.0767,
            -0.1042,
            -0.0625,
            -0.0571,
            -0.0635,
            -0.0288,
            -0.0864,
            -0.0789,
            -0.0315,
            -0.0063,
            -0.0557,
            -0.1069,
            -0.04,
            -0.0605,
            -0.0618,
            -0.0979,
            -0.0264,
            -0.0637,
            -0.0854,
            -0.1011,
            -0.0757,
            -0.0522
        ],
        "accelz": [
            -0.2634,
            7.2476,
            1.832,
            4.6479,
            0.9478,
            1.0852,
            0.7834,
            1.3386,
            1.147,
            1.5835,
            2.0227,
            1.8394,
            1.4534,
            1.5552,
            1.8662,
            1.9111,
            1.9929,
            2.0811,
            2.2227,
            2.1379,
            1.9675,
            1.5403,
            1.1943,
            1.2227,
            1.6907,
            2.1899,
            2.301,
            2.0142,
            1.4902,
            1.2363,
            1.1768,
            1.1414,
            1.2493,
            1.2517,
            1.3386,
            1.3152,
            1.2842,
            1.1526,
            0.9539,
            0.8745,
            0.906,
            0.9858,
            0.9653,
            0.927,
            0.9031,
            0.8516,
            0.8608,
            0.8647,
            0.8848,
            0.7974,
            0.793,
            0.7747,
            0.7808
        ],
        "impact_id": 10
    },
    {
        "timestamp": 1716235008,
        "index": [
            0,
            5,
            10,
            15,
            20,
            25,
            30,
            35,
            40,
            45,
            50,
            55,
            60,
            65,
            70,
            75,
            80,
            85,
            90,
            95,
            100,
            105,
            110,
            115,
            120,
            125,
            130,
            135,
            140,
            145,
            150,
            155,
            160,
            165,
            170,
            175
        ],
        "accelx": [
            1.094,
            2.0732,
            1.0322,
            0.4153,
            -0.6392,
            -0.2329,
            -1.1377,
            -0.7344,
            -0.4465,
            -0.2212,
            -0.6501,
            -0.4915,
            -0.531,
            -0.3933,
            -0.3708,
            -0.1023,
            0.1846,
            -0.4822,
            -1.5408,
            -0.7578,
            -1.1174,
            -0.2822,
            -0.4431,
            -0.0356,
            -0.0596,
            0.0178,
            0.02,
            0.0183,
            0.0166,
            0.0188,
            0.0198,
            0.0178,
            0.0205,
            0.0188,
            0.0215,
            0.0308
        ],
        "accely": [
            -1.7327,
            -1.281,
            -0.1267,
            -0.7356,
            -0.1514,
            -0.325,
            -0.0569,
            -0.031,
            -0.0144,
            0.0505,
            -0.1228,
            -0.1692,
            -0.0959,
            -0.0818,
            -0.0706,
            -0.3362,
            -0.4019,
            -0.178,
            -0.1216,
            0.438,
            0.022,
            0.4062,
            -0.0229,
            -0.0298,
            -0.188,
            -0.2051,
            -0.2048,
            -0.2041,
            -0.2048,
            -0.2046,
            -0.2051,
            -0.2051,
            -0.207,
            -0.2024,
            -0.2061,
            -0.2078
        ],
        "accelz": [
            0.8103,
            6.8811,
            1.7581,
            1.8132,
            0.9644,
            1.0757,
            0.2966,
            0.8179,
            0.9114,
            1.084,
            0.8511,
            0.8513,
            0.7473,
            0.969,
            0.9036,
            0.8352,
            1.3198,
            0.9658,
            0.3945,
            1.0244,
            1.0061,
            0.2578,
            0.8096,
            0.9146,
            0.8457,
            0.9543,
            0.9573,
            0.9558,
            0.9514,
            0.9504,
            0.9495,
            0.9526,
            0.9634,
            0.9626,
            0.9617,
            0.9746
        ],
        "impact_id": 11
    },
    {
        "timestamp": 1716235008,
        "index": [
            0,
            5,
            10,
            15,
            20,
            25,
            30,
            35,
            40,
            45,
            50,
            55,
            60,
            65,
            70,
            75,
            80,
            85,
            90,
            95,
            100,
            105,
            110,
            115,
            120,
            125,
            130,
            135,
            140,
            145
        ],
        "accelx": [
            -0.2522,
            -2.7817,
            -0.2024,
            2.5342,
            0.499,
            1.5649,
            0.9146,
            1.2437,
            -0.272,
            0.3352,
            -0.0625,
            0.1257,
            0.2087,
            -0.0608,
            0.0171,
            0.0237,
            -0.0063,
            0.0334,
            0.0193,
            0.0215,
            0.0476,
            0.0173,
            0.0208,
            0.0413,
            0.0254,
            0.0168,
            0.0181,
            0.019,
            0.0171,
            0.0227
        ],
        "accely": [
            0.1431,
            1.4063,
            0.8115,
            -0.0088,
            0.9587,
            -2.5757,
            -0.3384,
            -2.2336,
            -0.5781,
            -0.5713,
            -0.0886,
            -0.2483,
            -0.175,
            -0.3357,
            -0.2527,
            -0.1687,
            -0.1738,
            -0.1584,
            -0.1877,
            -0.2107,
            -0.2205,
            -0.2217,
            -0.2097,
            -0.1902,
            -0.1804,
            -0.1726,
            -0.1663,
            -0.167,
            -0.1855,
            -0.1997
        ],
        "accelz": [
            1.2656,
            -5.855,
            -1.6086,
            2.2024,
            -0.136,
            0.2566,
            0.8389,
            3.9004,
            1.0854,
            2.9968,
            0.5791,
            1.0083,
            1.0854,
            0.6614,
            1.439,
            0.9023,
            0.8081,
            1.0518,
            0.9456,
            0.9602,
            1.0305,
            0.9424,
            0.9358,
            0.9841,
            0.9419,
            0.9226,
            0.9844,
            0.9722,
            0.9221,
            0.9426
        ],
        "impact_id": 12
    },
    {
        "timestamp": 1716235008,
        "index": [
            0,
            5,
            10,
            15,
            20,
            25,
            30,
            35,
            40,
            45,
            50,
            55,
            60,
            65,
            70,
            75,
            80,
            85,
            90,
            95,
            100,
            105,
            110,
            115,
            120,
            125,
            130,
            135,
            140,
            145,
            150,
            155,
            160,
            165,
            170,
            175,
            180,
            185,
            190,
            195,
            200,
            205,
            210,
            215,
            220,
            225,
            230,
            235,
            240,
            245,
            250,
            255,
            260,
            265,
            270,
            275,
            280,
            285,
            290,
            295,
            300,
            305,
            310,
            315,
            320
        ],
        "accelx": [
            -0.229,
            2.2139,
            1.4209,
            -1.6147,
            -0.7085,
            -0.4287,
            0.7859,
            -0.3972,
            0.5266,
            -0.803,
            0.9958,
            -0.4565,
            1.1218,
            -0.4612,
            0.9194,
            0.7896,
            -0.2695,
            0.1816,
            -0.1548,
            0.1013,
            -0.0364,
            0.0122,
            -0.0686,
            0.2166,
            0.0557,
            0.1289,
            -0.4702,
            -1.3223,
            1.3044,
            0.5806,
            -1.073,
            -0.0723,
            -0.3003,
            0.2417,
            0.2954,
            -0.1072,
            0.2798,
            -0.0173,
            0.0818,
            -0.0508,
            0.0115,
            0.0618,
            -0.0205,
            0.1252,
            -0.1387,
            0.0837,
            -0.0398,
            0.2046,
            -0.1289,
            0.0488,
            -0.0198,
            0.0166,
            0.0076,
            0.0432,
            -0.0315,
            0.0251,
            0.0132,
            -0.0137,
            0.0342,
            0.009,
            0.009,
            0.022,
            0.019,
            -0.0032,
            0.0364
        ],
        "accely": [
            -0.2305,
            2.2341,
            1.8435,
            -1.1157,
            -0.155,
            0.4358,
            0.6914,
            -0.9426,
            -0.4238,
            -1.1467,
            -0.5237,
            0.6035,
            -0.248,
            -0.1616,
            0.728,
            -0.2146,
            0.114,
            -0.075,
            -0.0544,
            -0.0234,
            0.0122,
            0.0864,
            -0.0295,
            0.0605,
            -0.0591,
            0.0325,
            -0.698,
            -0.3401,
            0.5459,
            0.3975,
            0.1084,
            -0.4277,
            -0.4958,
            -0.0696,
            0.0928,
            -0.0039,
            -0.0662,
            0.043,
            -0.0383,
            -0.0427,
            -0.0344,
            0.0261,
            -0.0256,
            -0.0161,
            -0.1143,
            0.1541,
            -0.1438,
            0.0334,
            0.0173,
            -0.0122,
            -0.0808,
            0.0955,
            -0.0696,
            -0.019,
            0.0188,
            -0.0344,
            -0.0173,
            0.0303,
            -0.0405,
            -0.0098,
            0.0215,
            -0.0425,
            0.0002,
            0.0015,
            -0.0242
        ],
        "accelz": [
            0.939,
            6.6807,
            -0.7229,
            2.6082,
            0.7458,
            0.1108,
            1.4016,
            -0.4021,
            0.6924,
            1.365,
            4.2461,
            0.354,
            1.4924,
            0.3887,
            2.4963,
            0.7161,
            0.3914,
            2.1428,
            0.0708,
            1.1956,
            0.627,
            1.2488,
            0.8425,
            1.1902,
            0.949,
            1.106,
            1.6638,
            1.3389,
            0.4814,
            0.9153,
            0.3406,
            1.3718,
            0.6497,
            0.6143,
            1.1863,
            0.8435,
            1.344,
            0.8413,
            1.0876,
            0.9307,
            0.9751,
            0.9929,
            0.9534,
            1.231,
            0.6877,
            1.1509,
            0.7017,
            1.2063,
            0.7949,
            1.1047,
            0.9236,
            1.0325,
            0.9033,
            1.0166,
            0.938,
            0.98,
            0.9863,
            0.9539,
            0.9739,
            0.9661,
            0.991,
            0.9565,
            0.9858,
            0.9575,
            0.9993
        ],
        "impact_id": 13
    },
    {
        "timestamp": 1716235136,
        "index": [
            0,
            5,
            10,
            15,
            20,
            25,
            30,
            35,
            40,
            45,
            50,
            55,
            60,
            65,
            70,
            75,
            80,
            85,
            90,
            95,
            100,
            105
        ],
        "accelx": [
            0.0027,
            -8.0,
            -4.2024,
            -1.446,
            -1.9177,
            0.075,
            0.7356,
            -0.2949,
            0.0427,
            0.0471,
            -0.0105,
            0.0776,
            0.0688,
            0.0046,
            0.0569,
            0.0349,
            0.0164,
            0.0303,
            0.0298,
            -0.0068,
            0.0173,
            0.0178
        ],
        "accely": [
            -0.0435,
            3.9338,
            0.3582,
            -0.5793,
            -0.8853,
            0.1226,
            1.0359,
            0.0701,
            -0.0056,
            0.0374,
            -0.0505,
            -0.002,
            -0.0383,
            -0.0103,
            -0.0071,
            -0.0256,
            0.0222,
            -0.0159,
            -0.0149,
            0.0002,
            -0.0146,
            -0.0034
        ],
        "accelz": [
            0.2966,
            1.5425,
            4.011,
            2.4531,
            1.0735,
            0.7876,
            0.2676,
            0.8345,
            0.9023,
            1.0479,
            1.0181,
            0.8965,
            0.9995,
            0.9485,
            1.0564,
            1.072,
            0.9111,
            0.8567,
            0.9507,
            1.0261,
            1.0588,
            0.9666
        ],
        "impact_id": 14
    },
    {
        "timestamp": 1716235264,
        "index": [
            0,
            5,
            10,
            15,
            20,
            25,
            30,
            35,
            40,
            45,
            50,
            55,
            60,
            65,
            70,
            75,
            80,
            85,
            90,
            95,
            100,
            105,
            110,
            115,
            120,
            125,
            130
        ],
        "accelx": [
            0.0171,
            5.0515,
            -4.6987,
            1.8262,
            0.4666,
            1.135,
            0.3813,
            0.6824,
            0.1033,
            0.3184,
            0.4204,
            -0.0999,
            0.0027,
            0.021,
            -0.0688,
            0.0015,
            0.0442,
            0.033,
            0.0276,
            -0.0186,
            0.0327,
            0.0344,
            0.0193,
            -0.0066,
            -0.0073,
            0.0264,
            0.0349
        ],
        "accely": [
            -0.0598,
            0.5444,
            -3.2278,
            -0.4246,
            -1.688,
            0.8167,
            0.0093,
            -0.689,
            -0.093,
            0.1821,
            -0.0686,
            -0.0359,
            0.0332,
            -0.0183,
            0.0798,
            0.0383,
            -0.0164,
            -0.0168,
            -0.0122,
            0.0042,
            -0.031,
            -0.0139,
            -0.0122,
            0.0166,
            -0.0078,
            -0.0242,
            -0.0164
        ],
        "accelz": [
            0.3936,
            1.4792,
            5.9082,
            2.5515,
            4.2419,
            -2.6443,
            1.3162,
            2.8174,
            0.7966,
            -0.0903,
            0.9392,
            1.1589,
            1.0254,
            0.9656,
            0.9976,
            1.0369,
            0.9646,
            0.9009,
            0.99,
            1.0388,
            1.0249,
            1.0032,
            0.9187,
            0.9236,
            0.979,
            1.0154,
            1.019
        ],
        "impact_id": 15
    },
    {
        "timestamp": 1716235264,
        "index": [
            0,
            5,
            10,
            15,
            20,
            25,
            30,
            35,
            40,
            45,
            50,
            55,
            60,
            65,
            70,
            75,
            80,
            85,
            90,
            95,
            100,
            105,
            110,
            115,
            120,
            125,
            130,
            135,
            140,
            145,
            150
        ],
        "accelx": [
            -0.1775,
            2.9148,
            6.6841,
            0.1016,
            -8.0,
            -4.6094,
            -0.4739,
            -1.2881,
            0.844,
            -0.2844,
            0.5059,
            0.4548,
            0.3276,
            0.2397,
            0.1641,
            0.043,
            -0.0081,
            0.0237,
            0.0295,
            -0.0066,
            0.0037,
            0.0298,
            0.0225,
            0.031,
            0.0125,
            -0.0193,
            -0.0007,
            0.0186,
            0.0212,
            0.0225,
            0.0103
        ],
        "accely": [
            0.3198,
            -5.2549,
            3.6677,
            -0.5398,
            1.3181,
            0.0205,
            -1.447,
            -1.3359,
            -0.322,
            0.1602,
            0.0295,
            -0.4719,
            -0.1135,
            0.0728,
            0.0234,
            -0.0393,
            -0.0366,
            -0.0188,
            -0.01,
            -0.0005,
            0.002,
            -0.0027,
            -0.0193,
            -0.0056,
            -0.0032,
            0.0,
            0.0012,
            -0.0178,
            -0.0173,
            -0.0129,
            -0.0081
        ],
        "accelz": [
            -1.0571,
            3.6494,
            -7.5549,
            7.9998,
            -0.2559,
            0.26,
            3.2712,
            2.6765,
            0.2234,
            0.7639,
            1.7322,
            1.6006,
            0.9026,
            0.8726,
            0.9404,
            1.103,
            1.0859,
            1.0239,
            0.9392,
            0.8955,
            0.949,
            0.9861,
            1.0427,
            1.0181,
            0.9448,
            0.9253,
            0.9556,
            1.012,
            1.0256,
            0.9961,
            0.9319
        ],
        "impact_id": 16
    },
    {
        "timestamp": 1716246016,
        "index": [
            0,
            5,
            10,
            15,
            20,
            25,
            30,
            35,
            40,
            45,
            50,
            55,
            60,
            65,
            70,
            75,
            80,
            85,
            90,
            95,
            100,
            105,
            110,
            115,
            120,
            125,
            130,
            135,
            140,
            145
        ],
        "accelx": [
            0.0635,
            -3.5146,
            -2.3911,
            0.1768,
            1.3672,
            0.0654,
            -0.4604,
            -0.4355,
            0.3203,
            2.1055,
            0.9958,
            0.6804,
            -0.4543,
            -0.1619,
            -0.1863,
            -0.1057,
            0.0107,
            -0.0745,
            -0.0178,
            0.0103,
            0.0415,
            -0.0637,
            0.0293,
            -0.009,
            -0.0054,
            -0.0056,
            -0.0073,
            -0.0005,
            -0.0039,
            -0.0181
        ],
        "accely": [
            -0.0249,
            6.9641,
            0.5298,
            -0.4578,
            -1.2341,
            -0.3726,
            -0.0725,
            0.2197,
            -0.1641,
            0.325,
            -0.0491,
            0.1592,
            0.1152,
            -0.0007,
            -0.0474,
            -0.0583,
            -0.0232,
            -0.041,
            -0.0112,
            0.0103,
            -0.0288,
            0.0227,
            -0.0232,
            -0.0139,
            -0.022,
            -0.0208,
            -0.021,
            -0.0227,
            -0.02,
            -0.0129
        ],
        "accelz": [
            0.0862,
            -0.7043,
            1.4602,
            2.9009,
            3.3171,
            1.9336,
            1.1182,
            1.0776,
            0.9553,
            0.2859,
            0.7852,
            -0.125,
            0.7805,
            0.9001,
            1.084,
            0.98,
            0.8311,
            0.9839,
            1.0076,
            1.0962,
            0.9746,
            0.9387,
            0.9719,
            0.9529,
            0.9717,
            0.9746,
            0.9756,
            0.98,
            0.9753,
            0.9661
        ],
        "impact_id": 17
    },
    {
        "timestamp": 1716246016,
        "index": [
            0,
            5,
            10,
            15,
            20,
            25,
            30,
            35,
            40,
            45,
            50,
            55,
            60,
            65,
            70,
            75,
            80,
            85,
            90,
            95,
            100,
            105,
            110,
            115,
            120,
            125,
            130
        ],
        "accelx": [
            0.0505,
            4.0344,
            -0.364,
            -8.0,
            2.6316,
            2.1943,
            0.9526,
            0.9851,
            0.4768,
            -0.1682,
            -0.2639,
            0.1265,
            0.064,
            0.0354,
            0.0178,
            -0.0186,
            0.0322,
            -0.0349,
            -0.0188,
            -0.0022,
            -0.0193,
            0.001,
            0.0142,
            -0.0081,
            0.0078,
            0.002,
            -0.0039
        ],
        "accely": [
            -0.0171,
            1.8062,
            -0.9353,
            -6.5007,
            -0.5447,
            0.4897,
            -0.0906,
            0.1104,
            0.2852,
            0.0654,
            -0.0537,
            0.0391,
            0.0161,
            -0.0344,
            -0.0469,
            -0.019,
            -0.0408,
            -0.0347,
            -0.0142,
            -0.0203,
            -0.0244,
            -0.0085,
            -0.0208,
            -0.0256,
            -0.019,
            -0.0286,
            -0.0256
        ],
        "accelz": [
            -0.0396,
            5.8616,
            -3.4443,
            7.9998,
            1.4199,
            -0.6086,
            0.261,
            0.7656,
            0.7791,
            0.6406,
            1.0286,
            1.178,
            1.041,
            0.9771,
            0.998,
            0.9407,
            0.9988,
            0.9453,
            0.9705,
            0.9573,
            0.978,
            0.9421,
            0.9727,
            0.9761,
            0.9756,
            0.9846,
            0.9783
        ],
        "impact_id": 18
    },
    {
        "timestamp": 43255,
        "index": [
            0,
            5,
            10,
            15,
            20,
            25,
            30,
            35,
            40,
            45,
            50,
            55,
            60,
            65,
            70,
            75,
            80,
            85,
            90,
            95,
            100,
            105,
            110,
            115,
            120,
            125,
            130
        ],
        "accelx": [
            0.104,
            0.5593,
            -0.7246,
            -0.2063,
            -0.1077,
            0.5708,
            0.2844,
            0.604,
            0.5142,
            0.1089,
            0.1238,
            0.0618,
            -0.2964,
            -0.0691,
            -0.0359,
            -0.1553,
            0.0903,
            0.0237,
            0.042,
            0.0005,
            0.0483,
            0.0396,
            0.0361,
            0.011,
            -0.0044,
            -0.0046,
            -0.0186
        ],
        "accely": [
            -0.1177,
            -1.3457,
            -0.1643,
            -0.4485,
            -0.2112,
            0.1719,
            -0.2253,
            0.1143,
            0.0251,
            -0.2388,
            -0.0203,
            -0.2415,
            0.0203,
            -0.2075,
            -0.1531,
            0.0364,
            -0.1887,
            0.0024,
            -0.0852,
            -0.0542,
            -0.1055,
            -0.0898,
            -0.1113,
            -0.1128,
            -0.1096,
            -0.116,
            -0.113
        ],
        "accelz": [
            1.1719,
            5.6033,
            0.4653,
            0.801,
            1.9316,
            1.0117,
            2.0757,
            0.6418,
            0.6794,
            1.0872,
            0.6279,
            1.2097,
            0.5901,
            1.0244,
            0.9407,
            0.6272,
            1.0554,
            0.6038,
            0.9282,
            0.8228,
            0.9233,
            0.9075,
            0.9231,
            0.9065,
            0.9138,
            0.9304,
            0.9131
        ],
        "impact_id": 19
    }
]