[
    {
        "timestamp": 1716663424,
        "index": [
            0,
            2,
            4,
            6,
            8,
            10,
            12,
            14,
            16,
            18,
            20,
            22,
            24,
            26,
            28,
            30,
            32,
            34,
            36,
            38,
            40,
            42,
            44,
            46,
            48,
            50,
            52,
            54,
            56,
            58,
            60,
            62,
            64,
            66,
            68,
            70,
            72,
            74,
            76,
            78,
            80,
            82,
            84,
            86,
            88,
            90,
            92,
            94,
            96,
            98,
            100,
            102,
            104,
            106,
            108,
            110,
            112,
            114,
            116,
            118,
            120,
            122,
            124,
            126,
            128,
            130,
            132,
            134,
            136,
            138,
            140,
            142,
            144,
            146,
            148,
            150,
            152,
            154,
            156,
            158,
            160,
            162
        ],
        "accelx": [
            0.8374,
            0.9575,
            2.3169,
            2.9072,
            8.1309,
            -0.0469,
            -3.9175,
            -3.2432,
            0.7632,
            2.9629,
            0.6812,
            2.5205,
            -0.3369,
            0.1401,
            0.5264,
            -0.1396,
            -0.1631,
            0.1016,
            -0.7554,
            -0.7202,
            -0.917,
            -1.064,
            0.0874,
            0.2271,
            -0.0142,
            0.0566,
            0.0562,
            0.1792,
            -0.0161,
            -0.2832,
            -0.4727,
            -0.5249,
            -0.5767,
            -0.7871,
            -0.8442,
            -0.4854,
            -0.7334,
            -0.4683,
            -0.4004,
            -0.3159,
            -0.0156,
            -0.1104,
            -0.1294,
            0.0073,
            0.1616,
            0.0337,
            0.0303,
            0.4404,
            0.1812,
            0.1143,
            -0.0327,
            -0.0122,
            -0.064,
            -0.0371,
            -0.0337,
            -0.0571,
            -0.0942,
            -0.1572,
            -0.1387,
            -0.1006,
            -0.0781,
            -0.0674,
            -0.0493,
            0.002,
            0.02,
            0.0322,
            0.061,
            0.1196,
            0.0654,
            -0.0024,
            -0.0259,
            -0.0391,
            -0.0317,
            -0.0586,
            -0.1025,
            -0.1138,
            -0.0962,
            -0.0552,
            -0.0273,
            -0.0254,
            -0.0249,
            -0.0225
        ],
        "accely": [
            -0.4375,
            -0.415,
            -0.8921,
            -2.6533,
            -0.6602,
            1.3242,
            -5.229,
            2.249,
            -1.8496,
            -2.9517,
            0.2104,
            -1.0288,
            0.9312,
            -0.916,
            0.7354,
            -0.0098,
            0.0298,
            -0.1152,
            0.3091,
            -0.4463,
            0.0532,
            1.0278,
            -0.7881,
            -0.0327,
            -0.1675,
            -0.2222,
            0.1553,
            -0.2368,
            0.1807,
            0.1895,
            -0.0117,
            0.0879,
            0.1465,
            -0.0737,
            0.2051,
            0.4141,
            -0.3232,
            -0.1035,
            0.0459,
            0.0376,
            -0.0762,
            -0.2817,
            0.1724,
            -0.2378,
            -0.1094,
            -0.2173,
            0.0098,
            0.0615,
            -0.1133,
            0.2007,
            0.1602,
            0.104,
            0.0117,
            -0.0728,
            -0.0723,
            -0.1812,
            -0.1699,
            -0.1538,
            -0.123,
            -0.0845,
            -0.0557,
            -0.0068,
            0.0117,
            0.0347,
            0.0405,
            0.0171,
            0.0376,
            0.0303,
            0.02,
            0.0078,
            -0.0039,
            -0.0122,
            -0.0283,
            -0.0371,
            -0.0435,
            -0.0615,
            -0.0776,
            -0.0859,
            -0.0737,
            -0.0493,
            -0.0269,
            -0.0039
        ],
        "accelz": [
            2.8496,
            7.3149,
            15.6821,
            13.354,
            6.1494,
            8.7329,
            7.0356,
            1.4756,
            0.2803,
            -0.9907,
            5.3384,
            2.8652,
            -1.3735,
            -0.1675,
            1.5923,
            0.4429,
            1.269,
            0.4761,
            -0.9385,
            3.2305,
            -0.0449,
            0.6172,
            0.8301,
            0.1152,
            1.5913,
            -0.626,
            0.7529,
            1.1064,
            0.9048,
            1.1626,
            1.1318,
            1.4058,
            2.2886,
            4.4536,
            3.5576,
            -0.4849,
            2.0166,
            -0.0464,
            0.2168,
            -0.3218,
            0.9233,
            1.2959,
            0.3711,
            0.7783,
            0.3936,
            1.4609,
            1.8237,
            1.4063,
            1.8042,
            1.4517,
            1.2388,
            1.0767,
            1.1157,
            1.0737,
            0.8291,
            0.8755,
            0.7178,
            0.6836,
            0.5986,
            0.6924,
            0.7959,
            1.0044,
            1.186,
            1.2275,
            1.2646,
            1.3643,
            1.2427,
            1.0454,
            0.9551,
            0.9355,
            0.9126,
            0.9243,
            0.958,
            0.9541,
            0.9741,
            0.9922,
            0.9927,
            0.9692,
            0.9331,
            0.9302,
            0.9458,
            0.978
        ],
        "impact_id": 0
    },
    {
        "timestamp": 1716663424,
        "index": [
            0,
            2,
            4,
            6,
            8,
            10,
            12,
            14,
            16,
            18,
            20,
            22,
            24,
            26,
            28,
            30,
            32,
            34,
            36,
            38,
            40,
            42,
            44,
            46,
            48,
            50,
            52,
            54,
            56,
            58,
            60,
            62,
            64,
            66,
            68,
            70,
            72,
            74,
            76,
            78,
            80,
            82,
            84,
            86,
            88,
            90,
            92,
            94,
            96,
            98,
            100,
            102,
            104,
            106,
            108,
            110,
            112,
            114,
            116,
            118,
            120,
            122,
            124,
            126,
            128,
            130,
            132,
            134,
            136,
            138,
            140,
            142,
            144,
            146,
            148,
            150,
            152,
            154,
            156,
            158,
            160,
            162,
            164,
            166,
            168,
            170,
            172,
            174,
            176,
            178,
            180,
            182,
            184,
            186,
            188,
            190,
            192,
            194,
            196,
            198,
            200,
            202,
            204,
            206,
            208,
            210,
            212,
            214,
            216,
            218,
            220,
            222
        ],
        "accelx": [
            0.6211,
            -1.0977,
            1.9761,
            11.7544,
            0.9268,
            0.6519,
            -4.3262,
            -0.6016,
            -1.0879,
            0.8188,
            -0.752,
            0.4048,
            0.77,
            -0.1099,
            0.0723,
            0.231,
            0.3096,
            0.0,
            0.1812,
            -0.5937,
            -0.3071,
            -0.2539,
            -0.1665,
            -0.0039,
            -0.208,
            -0.0298,
            -0.0361,
            0.0796,
            -0.1323,
            -0.0874,
            0.105,
            -0.0615,
            -0.0859,
            -0.1704,
            -0.0732,
            -0.0181,
            -0.0708,
            -0.415,
            -0.7441,
            -0.8286,
            -0.8076,
            -0.6465,
            -0.5376,
            -0.4536,
            -0.2715,
            -0.0059,
            0.0098,
            0.2515,
            0.2217,
            -0.0347,
            -0.0273,
            -0.0215,
            0.1367,
            -0.1338,
            0.1675,
            0.1685,
            0.1362,
            0.0366,
            -0.0835,
            -0.082,
            -0.1299,
            -0.1152,
            -0.1021,
            -0.1562,
            -0.1509,
            -0.1494,
            -0.1201,
            -0.043,
            -0.022,
            0.0195,
            0.0596,
            0.0513,
            0.019,
            -0.0215,
            -0.0298,
            -0.0332,
            -0.0078,
            0.0239,
            0.042,
            0.0229,
            -0.022,
            -0.0776,
            -0.0845,
            -0.0869,
            -0.082,
            -0.0669,
            -0.063,
            -0.0459,
            -0.0415,
            -0.0293,
            -0.0146,
            0.0063,
            0.0063,
            0.0029,
            0.0039,
            0.0049,
            0.0024,
            -0.0063,
            -0.0312,
            -0.063,
            -0.0752,
            -0.0645,
            -0.0552,
            -0.0552,
            -0.0586,
            -0.0469,
            -0.0332,
            -0.0098,
            0.0059,
            0.0039,
            -0.0029,
            -0.0117
        ],
        "accely": [
            -0.7393,
            1.0083,
            1.6846,
            5.502,
            -2.1294,
            -2.5371,
            0.9155,
            -0.8398,
            0.3472,
            -1.5518,
            0.5376,
            0.146,
            -1.3096,
            0.1851,
            -0.1465,
            -0.605,
            0.2178,
            -0.3682,
            0.1489,
            0.0605,
            0.2334,
            -0.0977,
            0.1577,
            -0.3057,
            0.291,
            0.0908,
            -0.0186,
            -0.0854,
            -0.1523,
            0.0205,
            0.0029,
            0.0073,
            -0.0278,
            -0.0684,
            -0.0615,
            -0.0879,
            0.21,
            -0.0337,
            -0.5063,
            0.0815,
            -0.2969,
            -0.3535,
            0.126,
            0.0898,
            -0.0225,
            0.0952,
            -0.0693,
            0.0498,
            -0.0239,
            -0.1201,
            -0.0498,
            -0.0918,
            -0.1255,
            0.0581,
            -0.021,
            -0.1167,
            -0.0459,
            0.0791,
            0.1362,
            -0.0254,
            0.0767,
            -0.0537,
            -0.0937,
            -0.1021,
            -0.1689,
            -0.1187,
            -0.1855,
            -0.2017,
            -0.147,
            -0.127,
            -0.0464,
            0.0308,
            0.105,
            0.1509,
            0.1675,
            0.1411,
            0.0732,
            0.0005,
            -0.0503,
            -0.0825,
            -0.0786,
            -0.0522,
            -0.0449,
            -0.0522,
            -0.0669,
            -0.0718,
            -0.0684,
            -0.0444,
            -0.0327,
            -0.0176,
            -0.0122,
            0.0034,
            0.0156,
            0.0234,
            0.0215,
            0.0,
            -0.0132,
            -0.0342,
            -0.0342,
            -0.0381,
            -0.042,
            -0.0464,
            -0.0479,
            -0.0488,
            -0.0444,
            -0.0259,
            -0.022,
            -0.02,
            -0.0205,
            -0.0078,
            0.001,
            0.0
        ],
        "accelz": [
            0.2603,
            15.9995,
            15.9995,
            2.6626,
            1.2271,
            5.2817,
            -3.2407,
            6.5366,
            2.3442,
            4.9658,
            -1.0029,
            1.7119,
            -0.5269,
            -0.5615,
            -0.1841,
            1.0835,
            0.0264,
            1.5347,
            -0.877,
            0.6348,
            0.2314,
            0.2939,
            -0.4336,
            0.0049,
            -1.0034,
            -0.4614,
            0.3271,
            0.1812,
            1.2637,
            0.8511,
            -0.0352,
            0.3687,
            0.2451,
            0.6738,
            1.002,
            2.585,
            3.665,
            4.1089,
            5.2646,
            2.603,
            2.9487,
            1.7275,
            -0.5439,
            -0.9893,
            -0.2324,
            -0.0459,
            0.0132,
            0.1274,
            0.3345,
            0.7007,
            0.5215,
            0.3389,
            0.208,
            1.8901,
            2.5288,
            1.8413,
            2.5049,
            1.918,
            1.6362,
            1.6797,
            0.9517,
            0.8735,
            0.2363,
            0.335,
            0.396,
            0.1782,
            0.5986,
            0.6978,
            0.9512,
            1.145,
            1.2866,
            1.4883,
            1.4819,
            1.4849,
            1.3423,
            1.0703,
            0.9722,
            0.8174,
            0.79,
            0.729,
            0.7944,
            0.9209,
            0.9917,
            1.0962,
            1.1162,
            1.0933,
            1.0396,
            0.9443,
            0.897,
            0.873,
            0.9019,
            0.957,
            1.0054,
            1.0903,
            1.1353,
            1.1587,
            1.1392,
            1.0674,
            1.0044,
            0.9292,
            0.8999,
            0.8638,
            0.8672,
            0.8999,
            0.939,
            0.999,
            1.0376,
            1.0791,
            1.0903,
            1.0747,
            1.0493,
            1.022
        ],
        "impact_id": 1
    },
    {
        "timestamp": 1716663424,
        "index": [
            0,
            2,
            4,
            6,
            8,
            10,
            12,
            14,
            16,
            18,
            20,
            22,
            24,
            26,
            28,
            30,
            32,
            34,
            36,
            38,
            40,
            42,
            44,
            46,
            48,
            50,
            52,
            54,
            56,
            58,
            60,
            62,
            64,
            66,
            68,
            70,
            72,
            74,
            76,
            78,
            80,
            82,
            84,
            86,
            88,
            90,
            92,
            94,
            96,
            98,
            100,
            102,
            104,
            106,
            108,
            110,
            112,
            114,
            116
        ],
        "accelx": [
            -0.0396,
            -2.0024,
            4.373,
            -2.1201,
            2.1392,
            0.2397,
            -3.1138,
            0.5884,
            0.3057,
            0.2959,
            -0.1704,
            -0.6294,
            -0.6655,
            -0.9185,
            -0.4976,
            -0.3027,
            -0.2881,
            -0.3906,
            -0.1675,
            0.0322,
            0.0903,
            0.2075,
            0.1655,
            0.0908,
            0.0791,
            0.2715,
            -0.0908,
            0.0078,
            0.0708,
            0.0625,
            0.0386,
            0.0093,
            0.0063,
            -0.0405,
            -0.0957,
            -0.1021,
            -0.1548,
            -0.2031,
            -0.1851,
            -0.1211,
            -0.019,
            0.0366,
            0.0464,
            0.0176,
            0.0103,
            0.0171,
            0.0283,
            0.0264,
            -0.0269,
            -0.0625,
            -0.0532,
            -0.0547,
            -0.0459,
            -0.0308,
            -0.0229,
            -0.0107,
            -0.0063,
            -0.0068,
            -0.0161
        ],
        "accely": [
            0.001,
            -1.5879,
            -9.1865,
            -4.2949,
            5.626,
            -2.3198,
            1.1626,
            -2.8115,
            0.4009,
            0.7129,
            0.4839,
            1.27,
            0.8027,
            0.5098,
            0.5845,
            -0.1123,
            -0.0488,
            0.228,
            0.0352,
            -0.2261,
            0.1377,
            -0.0757,
            -0.0625,
            -0.1323,
            -0.2271,
            -0.4004,
            -0.1636,
            0.0088,
            0.0498,
            0.1133,
            0.02,
            0.1221,
            -0.0806,
            -0.0669,
            -0.0947,
            -0.209,
            -0.1689,
            -0.209,
            -0.082,
            -0.0137,
            0.0508,
            0.0669,
            0.0479,
            0.0381,
            0.0254,
            0.0171,
            0.0146,
            0.0063,
            -0.0039,
            -0.0122,
            -0.0415,
            -0.0508,
            -0.0356,
            -0.0269,
            -0.0249,
            -0.0151,
            -0.0039,
            -0.0039,
            -0.0049
        ],
        "accelz": [
            0.7988,
            13.8433,
            4.6782,
            15.9995,
            1.5986,
            3.6904,
            1.5615,
            6.3423,
            1.7935,
            2.8223,
            2.4976,
            1.4893,
            3.7119,
            3.0083,
            0.8833,
            1.2334,
            -0.0386,
            -0.998,
            0.2505,
            -0.1689,
            0.0664,
            0.1943,
            0.6206,
            1.1118,
            1.0835,
            1.2188,
            2.8437,
            2.7822,
            2.0161,
            1.5239,
            1.2764,
            0.7388,
            0.5762,
            0.2114,
            0.0015,
            0.3667,
            0.3779,
            0.9937,
            1.1724,
            1.4155,
            1.4521,
            1.4507,
            1.2754,
            1.1929,
            1.0361,
            0.9336,
            0.8438,
            0.8276,
            0.8667,
            0.9307,
            0.8955,
            0.9453,
            0.9907,
            1.042,
            1.0557,
            1.0596,
            1.0513,
            1.0396,
            1.0166
        ],
        "impact_id": 2
    }
]