[
    {
        "timestamp": 1715090816,
        "index": [
            0,
            5,
            10,
            15,
            20,
            25,
            30,
            35,
            40,
            45,
            50,
            55,
            60,
            65,
            70,
            75,
            80,
            85,
            90,
            95,
            100,
            105,
            110,
            115,
            120,
            125,
            130,
            135,
            140,
            145,
            150,
            155,
            160,
            165,
            170,
            175,
            180,
            185,
            190
        ],
        "accelx": [
            0.7209,
            7.9998,
            -1.1521,
            -3.0923,
            -3.5408,
            -3.0447,
            -1.3989,
            -0.0598,
            0.2371,
            -0.1465,
            -0.344,
            -0.356,
            -0.3789,
            -0.2847,
            -0.1089,
            -0.0486,
            -0.0039,
            -0.0354,
            -0.0769,
            -0.1682,
            -0.2446,
            -0.3149,
            -0.3506,
            -0.3782,
            -0.364,
            -0.3254,
            -0.2607,
            -0.1897,
            -0.1262,
            -0.0757,
            -0.0237,
            0.0103,
            0.0366,
            0.0515,
            0.0669,
            0.0664,
            0.0723,
            0.0686,
            0.0669
        ],
        "accely": [
            -0.4087,
            -5.7952,
            0.8306,
            2.3298,
            2.9229,
            2.5874,
            1.6514,
            0.7266,
            0.1494,
            -0.0261,
            -0.1299,
            -0.1643,
            0.0393,
            0.1313,
            0.0898,
            0.1086,
            0.1038,
            0.1018,
            0.0693,
            0.0496,
            0.0229,
            0.0071,
            -0.0176,
            -0.0452,
            -0.0708,
            -0.0872,
            -0.1208,
            -0.1553,
            -0.1782,
            -0.197,
            -0.2102,
            -0.2183,
            -0.2202,
            -0.2168,
            -0.2,
            -0.1763,
            -0.1499,
            -0.1304,
            -0.115
        ],
        "accelz": [
            0.2632,
            3.106,
            1.4976,
            1.3037,
            1.8684,
            1.5859,
            1.7046,
            1.2188,
            1.1553,
            0.8904,
            1.0022,
            0.9312,
            1.1335,
            0.9836,
            0.905,
            0.8867,
            0.9858,
            0.9419,
            1.0554,
            1.0251,
            1.082,
            1.0659,
            1.0999,
            1.0425,
            1.0322,
            0.9604,
            0.9414,
            0.9172,
            0.8965,
            0.8586,
            0.8364,
            0.8203,
            0.8132,
            0.8274,
            0.8464,
            0.8682,
            0.8943,
            0.9175,
            0.9358
        ]
    },
    {
        "timestamp": 1715091072,
        "index": [
            0,
            5,
            10,
            15,
            20,
            25,
            30,
            35,
            40,
            45,
            50,
            55,
            60,
            65,
            70,
            75,
            80,
            85,
            90,
            95,
            100,
            105,
            110,
            115,
            120,
            125,
            130,
            135,
            140,
            145,
            150,
            155,
            160,
            165,
            170,
            175,
            180,
            185,
            190,
            195
        ],
        "accelx": [
            -0.196,
            -0.3896,
            -1.0569,
            -0.8855,
            -0.2749,
            -0.447,
            -0.0122,
            0.0774,
            -0.0369,
            0.0364,
            0.0361,
            0.1177,
            0.0991,
            0.1104,
            0.0913,
            0.1123,
            0.1084,
            0.1416,
            0.1592,
            0.1855,
            0.1902,
            0.1929,
            0.1882,
            0.1792,
            0.1494,
            0.1182,
            0.0759,
            0.0503,
            0.0378,
            0.0068,
            -0.0225,
            -0.0251,
            -0.0171,
            -0.0186,
            -0.0142,
            0.009,
            0.0762,
            0.1523,
            0.1155,
            0.1064
        ],
        "accely": [
            -0.2546,
            0.4717,
            -0.2925,
            0.8362,
            0.1943,
            -0.3696,
            -0.7114,
            -0.1934,
            0.0732,
            0.0281,
            0.0237,
            -0.0559,
            -0.0049,
            0.0327,
            0.1538,
            0.2097,
            0.2629,
            0.28,
            0.2971,
            0.2705,
            0.2346,
            0.1807,
            0.1431,
            0.0896,
            0.0386,
            -0.0212,
            -0.0591,
            -0.0981,
            -0.1091,
            -0.0962,
            -0.0718,
            -0.0378,
            0.01,
            0.0632,
            0.0837,
            0.0803,
            0.0583,
            0.0696,
            0.1082,
            0.1055
        ],
        "accelz": [
            1.3684,
            7.9998,
            0.8752,
            0.8701,
            1.9167,
            1.5691,
            2.3738,
            1.5842,
            1.1978,
            0.7837,
            0.8433,
            0.8755,
            0.9973,
            0.9902,
            1.0276,
            1.0754,
            1.186,
            1.2461,
            1.2781,
            1.2881,
            1.2883,
            1.2781,
            1.2375,
            1.1831,
            1.115,
            1.0803,
            1.042,
            1.0242,
            1.0024,
            1.0073,
            1.0256,
            1.0222,
            1.0183,
            1.009,
            1.021,
            1.0344,
            1.0327,
            1.0168,
            1.0557,
            1.0793
        ]
    },
    {
        "timestamp": 158,
        "index": [
            0,
            5,
            10,
            15,
            20,
            25,
            30,
            35,
            40,
            45,
            50,
            55,
            60,
            65,
            70,
            75,
            80,
            85,
            90,
            95,
            100,
            105,
            110,
            115,
            120,
            125,
            130,
            135,
            140,
            145,
            150,
            155,
            160,
            165,
            170
        ],
        "accelx": [
            0.0869,
            -0.2546,
            0.5015,
            -0.2351,
            0.9814,
            -0.1807,
            -0.0645,
            -0.1309,
            0.092,
            0.2268,
            -0.4131,
            -0.3594,
            -0.0105,
            -0.2102,
            0.0457,
            -0.0957,
            -0.2036,
            -0.0869,
            -0.1223,
            -0.1189,
            -0.0652,
            -0.095,
            -0.0623,
            -0.0752,
            -0.0518,
            -0.0483,
            -0.0293,
            -0.0212,
            -0.0132,
            -0.0037,
            -0.0054,
            0.001,
            0.0054,
            -0.0024,
            0.0005
        ],
        "accely": [
            0.031,
            0.1543,
            0.385,
            -0.2639,
            0.5444,
            0.7456,
            -0.0188,
            0.1836,
            0.1729,
            -0.1531,
            0.1218,
            0.0439,
            -0.1184,
            0.1912,
            -0.075,
            -0.0588,
            0.0862,
            0.0415,
            0.0554,
            0.0608,
            -0.0022,
            0.0408,
            -0.0483,
            -0.0247,
            -0.0508,
            -0.0332,
            -0.0417,
            -0.0322,
            -0.033,
            -0.0349,
            -0.0183,
            -0.0205,
            -0.0173,
            -0.0073,
            -0.0156
        ],
        "accelz": [
            0.6775,
            6.6348,
            -0.8447,
            -0.8201,
            -1.5872,
            -2.3655,
            0.4739,
            0.7605,
            -0.8479,
            0.9485,
            2.6663,
            1.8435,
            0.6968,
            0.1924,
            1.1997,
            1.6282,
            1.2593,
            0.687,
            1.0652,
            1.1443,
            0.8899,
            1.053,
            0.9124,
            0.9172,
            0.9614,
            0.906,
            1.022,
            0.9958,
            0.98,
            1.0493,
            1.0413,
            1.0576,
            1.033,
            1.0125,
            1.05
        ]
    },
    {
        "timestamp": 1715093760,
        "index": [
            0,
            5,
            10,
            15,
            20,
            25,
            30,
            35,
            40,
            45,
            50,
            55,
            60,
            65,
            70,
            75,
            80,
            85,
            90,
            95,
            100,
            105,
            110,
            115,
            120,
            125,
            130,
            135,
            140,
            145
        ],
        "accelx": [
            0.0708,
            2.1917,
            0.5696,
            0.0071,
            -0.0708,
            -0.2375,
            -0.249,
            0.0544,
            0.0552,
            -0.0935,
            -0.1384,
            -0.1299,
            -0.123,
            -0.0479,
            0.0811,
            0.2092,
            0.2681,
            0.2935,
            0.2827,
            0.229,
            0.1248,
            0.0276,
            -0.0034,
            0.0295,
            0.0642,
            0.0869,
            0.1194,
            0.1626,
            0.189,
            0.2029
        ],
        "accely": [
            0.0093,
            -0.8806,
            -0.5339,
            -0.0027,
            -0.1775,
            -0.4453,
            -0.4307,
            -0.365,
            -0.2229,
            -0.1836,
            -0.156,
            -0.1523,
            -0.1262,
            -0.0908,
            -0.0491,
            0.0093,
            0.041,
            0.1311,
            0.196,
            0.2297,
            0.2043,
            0.1145,
            0.0505,
            0.0156,
            -0.0303,
            -0.0793,
            -0.1436,
            -0.1946,
            -0.2485,
            -0.282
        ],
        "accelz": [
            0.6812,
            2.6616,
            3.0698,
            1.7209,
            1.238,
            1.5889,
            1.5752,
            1.573,
            1.7324,
            1.9341,
            1.8818,
            1.644,
            1.4856,
            1.2581,
            1.1011,
            0.906,
            0.7861,
            0.6458,
            0.5942,
            0.5542,
            0.6035,
            0.6619,
            0.7305,
            0.7551,
            0.7925,
            0.7959,
            0.8135,
            0.8276,
            0.8362,
            0.8333
        ]
    },
    {
        "timestamp": 1715098496,
        "index": [
            0,
            5,
            10,
            15,
            20,
            25,
            30,
            35,
            40,
            45,
            50,
            55,
            60,
            65,
            70,
            75,
            80,
            85,
            90,
            95
        ],
        "accelx": [
            -0.2974,
            -0.2375,
            -0.1721,
            -0.1499,
            -0.1606,
            -0.1531,
            -0.1025,
            -0.0957,
            -0.0806,
            -0.0698,
            -0.0613,
            -0.0566,
            -0.0361,
            -0.0427,
            -0.0535,
            -0.0498,
            -0.0566,
            -0.0381,
            -0.0203,
            -0.0132
        ],
        "accely": [
            -0.2712,
            -0.3169,
            0.0701,
            0.0137,
            -0.0208,
            0.0669,
            0.022,
            0.0254,
            0.0481,
            0.03,
            0.0234,
            0.0173,
            0.03,
            0.051,
            0.0488,
            0.0183,
            0.033,
            -0.0181,
            0.0125,
            -0.021
        ],
        "accelz": [
            1.5537,
            3.6401,
            1.0313,
            1.0535,
            1.271,
            0.7725,
            0.9846,
            1.0398,
            1.0071,
            1.0278,
            0.9614,
            0.9734,
            0.9822,
            0.9822,
            0.998,
            1.0557,
            1.0979,
            0.9609,
            0.9631,
            0.9922
        ]
    },
    {
        "timestamp": 1715098496,
        "index": [
            0,
            5,
            10,
            15,
            20,
            25,
            30,
            35,
            40,
            45,
            50,
            55,
            60,
            65,
            70,
            75,
            80,
            85
        ],
        "accelx": [
            -0.0044,
            -0.0237,
            0.0005,
            -0.0254,
            -0.0466,
            -0.0305,
            -0.0291,
            -0.0347,
            -0.0337,
            -0.0317,
            -0.0334,
            -0.0281,
            -0.0496,
            -0.0508,
            -0.0557,
            -0.0325,
            -0.0437,
            -0.0317
        ],
        "accely": [
            0.0195,
            -0.342,
            -0.1863,
            -0.0552,
            -0.0554,
            -0.0388,
            -0.0168,
            -0.0193,
            -0.0212,
            -0.0295,
            -0.0229,
            -0.0125,
            -0.0564,
            0.0225,
            0.1199,
            0.0464,
            0.0107,
            -0.011
        ],
        "accelz": [
            1.0044,
            3.043,
            1.0967,
            0.8765,
            0.9365,
            0.9705,
            0.9492,
            0.9419,
            0.9653,
            0.9807,
            0.9961,
            0.947,
            1.0593,
            0.1294,
            0.3738,
            0.7139,
            0.8491,
            0.908
        ]
    },
    {
        "timestamp": 1715098496,
        "index": [
            0,
            5,
            10,
            15,
            20,
            25,
            30,
            35,
            40,
            45,
            50,
            55,
            60,
            65,
            70,
            75,
            80,
            85,
            90,
            95,
            100,
            105
        ],
        "accelx": [
            -0.0676,
            -0.2893,
            -0.0527,
            -0.0122,
            -0.0891,
            -0.0012,
            -0.0645,
            -0.0505,
            -0.05,
            -0.0337,
            -0.0273,
            -0.033,
            -0.019,
            -0.0283,
            -0.0107,
            -0.0154,
            -0.0159,
            -0.0315,
            -0.0327,
            -0.0234,
            -0.0391,
            -0.0322
        ],
        "accely": [
            0.0149,
            -0.928,
            -0.1821,
            0.0479,
            -0.2771,
            -0.1318,
            -0.1299,
            -0.0583,
            -0.0439,
            -0.0574,
            -0.0371,
            -0.0188,
            -0.0186,
            -0.0125,
            -0.0129,
            -0.0093,
            -0.0168,
            -0.0225,
            -0.0205,
            -0.0259,
            -0.0254,
            -0.0308
        ],
        "accelz": [
            1.0427,
            4.5125,
            0.8633,
            0.0901,
            1.6663,
            0.8799,
            1.1033,
            1.0537,
            0.8679,
            1.0371,
            0.9946,
            1.0032,
            1.052,
            1.0212,
            1.0591,
            1.0332,
            1.0366,
            1.0034,
            1.0032,
            1.0137,
            0.9866,
            1.0122
        ]
    },
    {
        "timestamp": 1715098880,
        "index": [
            0,
            5,
            10,
            15,
            20,
            25,
            30,
            35,
            40,
            45,
            50,
            55,
            60,
            65,
            70,
            75,
            80,
            85,
            90,
            95,
            100,
            105,
            110,
            115,
            120,
            125
        ],
        "accelx": [
            -0.0015,
            -0.377,
            0.0374,
            -0.1494,
            0.1672,
            0.1526,
            0.0244,
            0.1184,
            0.0278,
            -0.0669,
            -0.0647,
            -0.0205,
            -0.0623,
            -0.0391,
            -0.0564,
            -0.0261,
            -0.0359,
            -0.0591,
            -0.0488,
            -0.0498,
            -0.0247,
            -0.0425,
            -0.0266,
            -0.0293,
            -0.0396,
            -0.031
        ],
        "accely": [
            0.0078,
            -0.1787,
            -0.9656,
            -0.0972,
            -0.2051,
            0.7793,
            0.1138,
            0.0679,
            -0.1074,
            -0.1746,
            -0.0396,
            -0.063,
            0.0669,
            -0.0625,
            -0.0061,
            -0.0447,
            0.0002,
            -0.0022,
            -0.0378,
            -0.0081,
            -0.0203,
            -0.0388,
            -0.0396,
            -0.0425,
            -0.0286,
            -0.0161
        ],
        "accelz": [
            0.489,
            5.2285,
            3.342,
            0.4854,
            1.6013,
            0.9109,
            1.0002,
            0.8135,
            0.8618,
            1.2971,
            1.5317,
            0.8872,
            0.8906,
            0.9932,
            1.062,
            1.0754,
            0.8508,
            0.967,
            1.053,
            1.0635,
            1.0037,
            0.957,
            1.0796,
            0.9934,
            0.929,
            0.9695
        ]
    }
]