[
    {
        "timestamp": 1715090827,
        "frequency": [
            3.0,
            5.0,
            6.0,
            7.0
        ],
        "magnitude": [
            0.01,
            0.016,
            0.013,
            0.014
        ]
    },
    {
        "timestamp": 129,
        "frequency": [
            1.0,
            2.0,
            3.0,
            4.0,
            5.0,
            6.0,
            7.0,
            8.0,
            9.0,
            10.0,
            11.0,
            12.0,
            14.0,
            15.0,
            16.0,
            17.0,
            18.0,
            19.0,
            21.0,
            22.0,
            24.0,
            25.0,
            26.0
        ],
        "magnitude": [
            0.007,
            0.018,
            0.034,
            0.057,
            0.016,
            0.021,
            0.126,
            0.029,
            0.012,
            0.011,
            0.008,
            0.004,
            0.005,
            0.006,
            0.004,
            0.002,
            0.002,
            0.002,
            0.002,
            0.002,
            0.001,
            0.002,
            0.002
        ]
    },
    {
        "timestamp": 1715093522,
        "frequency": [
            1.0,
            2.0,
            3.0,
            4.0,
            5.0,
            6.0,
            7.0,
            8.0,
            10.0,
            11.0,
            12.0,
            13.0,
            15.0,
            16.0,
            17.0,
            22.0,
            23.0,
            24.0,
            25.0,
            27.0,
            66.0,
            68.0,
            70.0,
            71.0,
            72.0,
            74.0,
            75.0,
            76.0,
            77.0,
            78.0,
            79.0,
            80.0,
            81.0,
            82.0,
            83.0,
            84.0,
            85.0,
            86.0,
            87.0,
            88.0,
            89.0,
            90.0,
            92.0,
            94.0,
            95.0,
            96.0,
            97.0,
            98.0,
            99.0
        ],
        "magnitude": [
            0.004,
            0.011,
            0.014,
            0.016,
            0.018,
            0.018,
            0.021,
            0.018,
            0.002,
            0.002,
            0.001,
            0.003,
            0.002,
            0.002,
            0.001,
            0.001,
            0.001,
            0.001,
            0.001,
            0.001,
            0.001,
            0.001,
            0.001,
            0.001,
            0.001,
            0.001,
            0.001,
            0.001,
            0.001,
            0.001,
            0.001,
            0.001,
            0.001,
            0.001,
            0.001,
            0.001,
            0.001,
            0.001,
            0.001,
            0.001,
            0.001,
            0.001,
            0.001,
            0.001,
            0.001,
            0.001,
            0.001,
            0.001,
            0.001
        ]
    },
    {
        "timestamp": 1715093534,
        "frequency": [
            1.0,
            2.0,
            3.0,
            4.0,
            5.0,
            6.0,
            7.0,
            8.0,
            9.0,
            10.0,
            11.0,
            12.0,
            13.0,
            14.0,
            15.0,
            16.0,
            17.0,
            18.0,
            19.0,
            20.0,
            21.0,
            22.0,
            23.0,
            24.0,
            25.0,
            26.0,
            27.0,
            28.0,
            29.0,
            30.0,
            31.0,
            32.0,
            33.0,
            34.0,
            35.0,
            36.0,
            37.0,
            38.0,
            39.0,
            40.0,
            41.0,
            42.0,
            43.0,
            44.0,
            45.0,
            46.0,
            47.0,
            48.0,
            49.0,
            50.0,
            51.0,
            52.0,
            53.0,
            54.0,
            55.0,
            56.0,
            57.0,
            58.0,
            59.0,
            60.0,
            61.0,
            62.0,
            63.0,
            64.0,
            65.0,
            66.0,
            67.0,
            68.0,
            69.0,
            70.0,
            71.0,
            72.0,
            73.0,
            74.0,
            75.0,
            76.0,
            77.0,
            78.0,
            79.0,
            80.0,
            81.0,
            82.0,
            83.0,
            84.0,
            85.0,
            86.0,
            87.0,
            88.0,
            89.0,
            90.0,
            91.0,
            92.0,
            93.0,
            94.0,
            95.0,
            96.0,
            97.0,
            98.0,
            99.0
        ],
        "magnitude": [
            0.004,
            0.014,
            0.014,
            0.034,
            0.033,
            0.015,
            0.075,
            0.056,
            0.027,
            0.007,
            0.007,
            0.009,
            0.003,
            0.006,
            0.013,
            0.009,
            0.003,
            0.004,
            0.006,
            0.003,
            0.004,
            0.004,
            0.002,
            0.007,
            0.008,
            0.004,
            0.004,
            0.008,
            0.005,
            0.007,
            0.006,
            0.008,
            0.009,
            0.005,
            0.003,
            0.008,
            0.01,
            0.005,
            0.002,
            0.008,
            0.009,
            0.008,
            0.003,
            0.007,
            0.01,
            0.009,
            0.002,
            0.004,
            0.01,
            0.008,
            0.004,
            0.004,
            0.009,
            0.009,
            0.006,
            0.003,
            0.007,
            0.009,
            0.005,
            0.003,
            0.007,
            0.01,
            0.006,
            0.003,
            0.007,
            0.009,
            0.008,
            0.002,
            0.006,
            0.01,
            0.009,
            0.004,
            0.004,
            0.01,
            0.01,
            0.007,
            0.004,
            0.009,
            0.01,
            0.008,
            0.002,
            0.007,
            0.01,
            0.005,
            0.002,
            0.008,
            0.01,
            0.005,
            0.004,
            0.006,
            0.008,
            0.008,
            0.003,
            0.005,
            0.006,
            0.008,
            0.006,
            0.003,
            0.006
        ]
    },
    {
        "timestamp": 1715093783,
        "frequency": [
            11.0,
            12.0,
            13.0,
            14.0,
            17.0,
            18.0,
            22.0,
            61.0,
            70.0,
            78.0
        ],
        "magnitude": [
            0.001,
            0.001,
            0.003,
            0.002,
            0.001,
            0.001,
            0.001,
            0.001,
            0.001,
            0.001
        ]
    },
    {
        "timestamp": 1715093797,
        "frequency": [
            1.0,
            2.0,
            3.0,
            4.0,
            5.0,
            6.0,
            7.0,
            8.0,
            9.0,
            10.0,
            11.0,
            12.0,
            13.0,
            14.0,
            15.0,
            16.0,
            17.0,
            18.0,
            19.0,
            20.0,
            21.0,
            22.0,
            23.0,
            24.0,
            25.0,
            27.0,
            29.0,
            32.0,
            33.0,
            34.0,
            35.0,
            36.0,
            37.0,
            38.0,
            39.0,
            41.0,
            56.0,
            60.0
        ],
        "magnitude": [
            0.004,
            0.022,
            0.019,
            0.023,
            0.017,
            0.019,
            0.005,
            0.003,
            0.012,
            0.011,
            0.005,
            0.004,
            0.01,
            0.006,
            0.003,
            0.007,
            0.005,
            0.003,
            0.004,
            0.003,
            0.005,
            0.003,
            0.002,
            0.003,
            0.001,
            0.002,
            0.001,
            0.001,
            0.001,
            0.001,
            0.003,
            0.002,
            0.002,
            0.002,
            0.001,
            0.001,
            0.001,
            0.001
        ]
    },
    {
        "timestamp": 1715093820,
        "frequency": [
            1.0,
            2.0,
            3.0,
            4.0,
            6.0,
            9.0,
            10.0,
            11.0,
            12.0,
            14.0,
            15.0,
            16.0,
            17.0,
            18.0,
            19.0,
            20.0,
            21.0,
            23.0,
            24.0,
            25.0,
            26.0,
            27.0,
            28.0,
            29.0,
            30.0,
            31.0,
            32.0,
            33.0,
            35.0,
            37.0,
            38.0,
            40.0,
            42.0,
            46.0,
            49.0,
            50.0,
            51.0,
            52.0,
            54.0,
            55.0,
            61.0,
            62.0,
            64.0,
            69.0,
            71.0,
            72.0,
            75.0,
            76.0,
            77.0,
            79.0,
            80.0,
            81.0,
            82.0,
            89.0,
            90.0,
            91.0,
            92.0,
            93.0,
            94.0,
            95.0
        ],
        "magnitude": [
            0.002,
            0.001,
            0.001,
            0.001,
            0.004,
            0.003,
            0.002,
            0.003,
            0.002,
            0.003,
            0.002,
            0.002,
            0.002,
            0.001,
            0.002,
            0.001,
            0.002,
            0.002,
            0.002,
            0.002,
            0.002,
            0.003,
            0.002,
            0.002,
            0.003,
            0.003,
            0.001,
            0.002,
            0.002,
            0.002,
            0.001,
            0.001,
            0.001,
            0.001,
            0.001,
            0.002,
            0.002,
            0.001,
            0.001,
            0.001,
            0.002,
            0.001,
            0.001,
            0.001,
            0.001,
            0.001,
            0.001,
            0.001,
            0.001,
            0.001,
            0.001,
            0.001,
            0.001,
            0.001,
            0.001,
            0.002,
            0.001,
            0.001,
            0.002,
            0.002
        ]
    },
    {
        "timestamp": 1715093833,
        "frequency": [
            2.0,
            3.0,
            4.0,
            5.0,
            6.0,
            7.0,
            8.0,
            9.0,
            10.0,
            11.0,
            12.0,
            13.0,
            14.0,
            15.0,
            16.0,
            17.0,
            18.0,
            19.0,
            20.0,
            21.0,
            22.0,
            23.0,
            24.0,
            25.0,
            26.0,
            27.0,
            28.0,
            29.0,
            30.0,
            31.0,
            32.0,
            33.0,
            34.0,
            35.0,
            36.0,
            37.0,
            38.0,
            39.0,
            40.0,
            41.0,
            43.0,
            44.0,
            45.0,
            46.0,
            47.0,
            48.0,
            49.0,
            50.0,
            51.0,
            52.0,
            53.0,
            54.0,
            55.0,
            56.0,
            57.0,
            58.0,
            59.0,
            60.0,
            61.0,
            62.0,
            63.0,
            64.0,
            65.0,
            66.0,
            67.0,
            68.0,
            69.0,
            70.0,
            71.0,
            72.0,
            73.0,
            74.0,
            75.0,
            76.0,
            77.0,
            78.0,
            79.0,
            80.0,
            81.0,
            82.0,
            83.0,
            84.0,
            85.0,
            86.0,
            87.0,
            88.0,
            90.0,
            91.0,
            92.0,
            93.0,
            94.0,
            95.0,
            96.0,
            97.0,
            98.0,
            99.0
        ],
        "magnitude": [
            0.009,
            0.006,
            0.009,
            0.009,
            0.005,
            0.01,
            0.002,
            0.002,
            0.006,
            0.003,
            0.007,
            0.008,
            0.008,
            0.007,
            0.006,
            0.005,
            0.003,
            0.008,
            0.005,
            0.01,
            0.007,
            0.002,
            0.011,
            0.01,
            0.007,
            0.014,
            0.003,
            0.01,
            0.008,
            0.004,
            0.01,
            0.003,
            0.003,
            0.007,
            0.008,
            0.003,
            0.009,
            0.002,
            0.005,
            0.005,
            0.007,
            0.004,
            0.003,
            0.008,
            0.006,
            0.008,
            0.009,
            0.002,
            0.008,
            0.008,
            0.006,
            0.01,
            0.003,
            0.008,
            0.005,
            0.003,
            0.01,
            0.004,
            0.003,
            0.006,
            0.004,
            0.005,
            0.006,
            0.003,
            0.006,
            0.007,
            0.002,
            0.008,
            0.004,
            0.002,
            0.002,
            0.004,
            0.004,
            0.005,
            0.003,
            0.004,
            0.005,
            0.003,
            0.006,
            0.002,
            0.002,
            0.004,
            0.003,
            0.003,
            0.003,
            0.003,
            0.002,
            0.005,
            0.004,
            0.003,
            0.009,
            0.002,
            0.008,
            0.002,
            0.004,
            0.003
        ]
    },
    {
        "timestamp": 1715093846,
        "frequency": [
            1.0,
            2.0,
            3.0,
            5.0,
            6.0,
            8.0,
            9.0,
            10.0,
            13.0,
            14.0,
            15.0,
            16.0,
            18.0,
            19.0,
            20.0,
            21.0,
            22.0,
            23.0,
            24.0,
            25.0,
            26.0,
            27.0,
            30.0,
            31.0,
            32.0,
            33.0,
            34.0,
            35.0,
            36.0,
            37.0,
            38.0,
            39.0,
            40.0,
            41.0,
            42.0,
            43.0,
            44.0,
            45.0,
            46.0,
            47.0,
            48.0,
            49.0,
            50.0,
            51.0,
            52.0,
            53.0,
            54.0,
            55.0,
            56.0,
            57.0,
            58.0,
            59.0,
            60.0,
            61.0,
            62.0,
            63.0,
            64.0,
            65.0,
            66.0,
            67.0,
            68.0,
            69.0,
            70.0,
            71.0,
            72.0,
            73.0,
            74.0,
            75.0,
            76.0,
            77.0,
            78.0,
            79.0,
            80.0,
            81.0,
            82.0,
            83.0,
            84.0,
            85.0,
            86.0,
            87.0,
            88.0,
            89.0,
            90.0,
            91.0,
            92.0,
            93.0,
            94.0,
            95.0,
            96.0,
            97.0,
            98.0,
            99.0
        ],
        "magnitude": [
            0.002,
            0.001,
            0.002,
            0.002,
            0.001,
            0.002,
            0.002,
            0.002,
            0.002,
            0.002,
            0.005,
            0.003,
            0.003,
            0.004,
            0.005,
            0.006,
            0.002,
            0.003,
            0.002,
            0.002,
            0.003,
            0.004,
            0.004,
            0.003,
            0.003,
            0.004,
            0.002,
            0.001,
            0.006,
            0.003,
            0.005,
            0.004,
            0.004,
            0.002,
            0.005,
            0.002,
            0.005,
            0.001,
            0.003,
            0.002,
            0.007,
            0.002,
            0.004,
            0.001,
            0.003,
            0.003,
            0.002,
            0.003,
            0.004,
            0.003,
            0.002,
            0.005,
            0.004,
            0.005,
            0.004,
            0.004,
            0.001,
            0.006,
            0.004,
            0.006,
            0.002,
            0.004,
            0.002,
            0.006,
            0.001,
            0.005,
            0.001,
            0.003,
            0.004,
            0.005,
            0.002,
            0.004,
            0.002,
            0.003,
            0.003,
            0.005,
            0.005,
            0.004,
            0.003,
            0.003,
            0.006,
            0.004,
            0.004,
            0.002,
            0.004,
            0.003,
            0.004,
            0.004,
            0.003,
            0.001,
            0.002,
            0.002
        ]
    },
    {
        "timestamp": 1715093871,
        "frequency": [
            1.0,
            2.0,
            3.0,
            4.0,
            5.0,
            6.0,
            7.0,
            9.0,
            10.0,
            11.0,
            12.0,
            13.0,
            14.0,
            15.0,
            16.0,
            17.0,
            18.0,
            19.0,
            20.0,
            21.0,
            22.0,
            23.0,
            24.0,
            25.0,
            26.0,
            27.0,
            28.0,
            29.0,
            30.0,
            31.0,
            32.0,
            35.0,
            36.0,
            38.0,
            40.0,
            42.0,
            43.0,
            44.0,
            45.0,
            46.0,
            47.0,
            48.0,
            49.0,
            50.0,
            51.0,
            52.0,
            53.0,
            54.0,
            55.0,
            56.0,
            57.0,
            58.0,
            59.0,
            60.0,
            61.0,
            62.0,
            63.0,
            64.0,
            65.0,
            66.0,
            67.0,
            68.0,
            69.0,
            70.0,
            71.0,
            72.0,
            73.0,
            74.0,
            75.0,
            76.0,
            77.0,
            78.0,
            79.0,
            80.0,
            81.0,
            82.0,
            83.0,
            84.0,
            85.0,
            86.0,
            87.0,
            88.0,
            89.0,
            90.0,
            91.0,
            92.0,
            93.0,
            94.0,
            95.0,
            96.0,
            97.0,
            98.0,
            99.0
        ],
        "magnitude": [
            0.005,
            0.004,
            0.004,
            0.002,
            0.004,
            0.003,
            0.006,
            0.006,
            0.001,
            0.007,
            0.001,
            0.007,
            0.003,
            0.004,
            0.002,
            0.004,
            0.006,
            0.005,
            0.006,
            0.005,
            0.006,
            0.003,
            0.004,
            0.004,
            0.004,
            0.005,
            0.003,
            0.003,
            0.003,
            0.002,
            0.003,
            0.002,
            0.001,
            0.002,
            0.002,
            0.003,
            0.004,
            0.003,
            0.004,
            0.002,
            0.006,
            0.002,
            0.005,
            0.006,
            0.004,
            0.006,
            0.004,
            0.006,
            0.004,
            0.005,
            0.005,
            0.007,
            0.005,
            0.006,
            0.006,
            0.006,
            0.006,
            0.005,
            0.006,
            0.006,
            0.006,
            0.005,
            0.005,
            0.004,
            0.006,
            0.004,
            0.006,
            0.004,
            0.003,
            0.005,
            0.003,
            0.005,
            0.003,
            0.005,
            0.003,
            0.005,
            0.003,
            0.005,
            0.003,
            0.004,
            0.003,
            0.004,
            0.004,
            0.003,
            0.003,
            0.004,
            0.005,
            0.003,
            0.006,
            0.004,
            0.005,
            0.002,
            0.005
        ]
    },
    {
        "timestamp": 1715093884,
        "frequency": [
            1.0,
            2.0,
            3.0,
            4.0,
            5.0,
            6.0,
            7.0,
            8.0,
            9.0,
            10.0,
            11.0,
            12.0,
            13.0,
            14.0,
            15.0,
            16.0,
            17.0,
            18.0,
            19.0,
            20.0,
            21.0,
            22.0,
            23.0,
            24.0,
            25.0,
            26.0,
            27.0,
            28.0,
            29.0,
            30.0,
            31.0,
            32.0,
            33.0,
            34.0,
            35.0,
            36.0,
            37.0,
            38.0,
            39.0,
            40.0,
            41.0,
            42.0,
            43.0,
            44.0,
            45.0,
            46.0,
            47.0,
            48.0,
            49.0,
            50.0,
            51.0,
            52.0,
            53.0,
            54.0,
            55.0,
            56.0,
            57.0,
            58.0,
            59.0,
            60.0,
            61.0,
            62.0,
            63.0,
            64.0,
            65.0,
            66.0,
            67.0,
            68.0,
            69.0,
            70.0,
            71.0,
            72.0,
            73.0,
            74.0,
            75.0,
            76.0,
            77.0,
            78.0,
            79.0,
            80.0,
            81.0,
            82.0,
            83.0,
            84.0,
            85.0,
            87.0,
            88.0,
            89.0,
            90.0,
            92.0,
            93.0,
            94.0,
            95.0,
            97.0,
            98.0,
            99.0
        ],
        "magnitude": [
            0.009,
            0.005,
            0.007,
            0.012,
            0.009,
            0.006,
            0.002,
            0.011,
            0.014,
            0.003,
            0.006,
            0.003,
            0.015,
            0.014,
            0.009,
            0.008,
            0.006,
            0.015,
            0.007,
            0.011,
            0.005,
            0.011,
            0.014,
            0.012,
            0.011,
            0.003,
            0.013,
            0.009,
            0.013,
            0.012,
            0.005,
            0.009,
            0.009,
            0.014,
            0.008,
            0.008,
            0.007,
            0.011,
            0.014,
            0.007,
            0.008,
            0.005,
            0.012,
            0.009,
            0.008,
            0.007,
            0.007,
            0.011,
            0.007,
            0.009,
            0.004,
            0.008,
            0.006,
            0.008,
            0.009,
            0.002,
            0.006,
            0.006,
            0.009,
            0.008,
            0.005,
            0.005,
            0.006,
            0.009,
            0.004,
            0.006,
            0.003,
            0.008,
            0.008,
            0.005,
            0.005,
            0.002,
            0.007,
            0.004,
            0.006,
            0.005,
            0.005,
            0.006,
            0.004,
            0.006,
            0.002,
            0.004,
            0.003,
            0.005,
            0.006,
            0.003,
            0.001,
            0.005,
            0.004,
            0.001,
            0.003,
            0.006,
            0.001,
            0.002,
            0.004,
            0.003
        ]
    },
    {
        "timestamp": 1715093896,
        "frequency": [
            1.0,
            2.0,
            3.0,
            4.0,
            5.0,
            6.0,
            7.0,
            8.0,
            9.0,
            10.0,
            11.0,
            12.0,
            13.0,
            14.0,
            15.0,
            16.0,
            17.0,
            18.0,
            19.0,
            20.0,
            21.0,
            23.0,
            24.0,
            25.0,
            26.0,
            27.0,
            29.0,
            30.0,
            31.0,
            32.0,
            33.0,
            34.0,
            35.0,
            36.0,
            37.0,
            38.0,
            39.0,
            40.0,
            41.0,
            42.0,
            43.0,
            44.0,
            46.0,
            47.0,
            48.0,
            49.0,
            50.0,
            51.0,
            52.0,
            53.0,
            54.0,
            55.0,
            56.0,
            57.0,
            59.0,
            60.0,
            61.0,
            62.0,
            63.0,
            64.0,
            65.0,
            66.0,
            67.0,
            68.0,
            69.0,
            70.0,
            71.0,
            72.0,
            73.0,
            74.0,
            75.0,
            76.0,
            77.0,
            78.0,
            79.0,
            80.0,
            81.0,
            82.0,
            84.0,
            85.0,
            86.0,
            87.0,
            88.0,
            89.0,
            90.0,
            91.0,
            92.0,
            93.0,
            95.0,
            96.0,
            97.0,
            98.0,
            99.0
        ],
        "magnitude": [
            0.004,
            0.002,
            0.001,
            0.002,
            0.003,
            0.002,
            0.004,
            0.003,
            0.003,
            0.003,
            0.006,
            0.002,
            0.007,
            0.002,
            0.002,
            0.004,
            0.005,
            0.004,
            0.008,
            0.001,
            0.003,
            0.002,
            0.007,
            0.002,
            0.004,
            0.004,
            0.001,
            0.008,
            0.002,
            0.002,
            0.005,
            0.003,
            0.002,
            0.004,
            0.002,
            0.002,
            0.004,
            0.004,
            0.003,
            0.004,
            0.003,
            0.004,
            0.002,
            0.003,
            0.002,
            0.004,
            0.004,
            0.004,
            0.001,
            0.002,
            0.002,
            0.004,
            0.005,
            0.001,
            0.002,
            0.002,
            0.004,
            0.003,
            0.003,
            0.003,
            0.003,
            0.002,
            0.003,
            0.001,
            0.004,
            0.002,
            0.002,
            0.001,
            0.002,
            0.003,
            0.005,
            0.002,
            0.002,
            0.004,
            0.003,
            0.002,
            0.003,
            0.002,
            0.002,
            0.004,
            0.003,
            0.005,
            0.002,
            0.002,
            0.002,
            0.002,
            0.002,
            0.001,
            0.004,
            0.002,
            0.002,
            0.003,
            0.003
        ]
    },
    {
        "timestamp": 1715093909,
        "frequency": [
            1.0,
            2.0,
            3.0,
            4.0,
            5.0,
            6.0,
            7.0,
            8.0,
            9.0,
            10.0,
            11.0,
            12.0,
            13.0,
            14.0,
            15.0,
            16.0,
            17.0,
            18.0,
            19.0,
            20.0,
            21.0,
            22.0,
            23.0,
            24.0,
            25.0,
            26.0,
            27.0,
            28.0,
            29.0,
            30.0,
            31.0,
            32.0,
            33.0,
            34.0,
            35.0,
            36.0,
            37.0,
            38.0,
            39.0,
            41.0,
            42.0,
            43.0,
            44.0,
            45.0,
            46.0,
            47.0,
            48.0,
            49.0,
            50.0,
            51.0,
            53.0,
            56.0,
            59.0,
            65.0,
            67.0,
            70.0,
            71.0,
            72.0,
            78.0,
            82.0,
            90.0,
            94.0,
            98.0
        ],
        "magnitude": [
            0.001,
            0.002,
            0.003,
            0.002,
            0.004,
            0.005,
            0.005,
            0.007,
            0.006,
            0.004,
            0.007,
            0.007,
            0.004,
            0.009,
            0.007,
            0.008,
            0.008,
            0.004,
            0.006,
            0.004,
            0.007,
            0.003,
            0.006,
            0.003,
            0.007,
            0.004,
            0.005,
            0.003,
            0.003,
            0.003,
            0.003,
            0.006,
            0.003,
            0.003,
            0.002,
            0.003,
            0.003,
            0.002,
            0.003,
            0.003,
            0.002,
            0.002,
            0.001,
            0.002,
            0.002,
            0.001,
            0.002,
            0.002,
            0.002,
            0.002,
            0.002,
            0.001,
            0.002,
            0.002,
            0.001,
            0.001,
            0.001,
            0.002,
            0.001,
            0.001,
            0.001,
            0.001,
            0.001
        ]
    },
    {
        "timestamp": 1715093922,
        "frequency": [
            23.0
        ],
        "magnitude": [
            0.002
        ]
    },
    {
        "timestamp": 1715098366,
        "frequency": [
            50.0,
            57.0,
            59.0,
            60.0,
            61.0,
            62.0,
            64.0,
            66.0,
            68.0,
            69.0,
            70.0,
            71.0,
            73.0,
            75.0,
            77.0
        ],
        "magnitude": [
            0.001,
            0.001,
            0.001,
            0.001,
            0.001,
            0.001,
            0.002,
            0.002,
            0.002,
            0.001,
            0.001,
            0.001,
            0.001,
            0.001,
            0.001
        ]
    },
    {
        "timestamp": 1715098465,
        "frequency": [
            4.0,
            5.0,
            6.0,
            9.0,
            10.0,
            13.0,
            15.0,
            16.0,
            18.0,
            19.0,
            21.0,
            22.0,
            23.0,
            24.0,
            25.0,
            27.0,
            28.0,
            30.0,
            31.0,
            32.0,
            34.0,
            36.0,
            37.0,
            40.0,
            41.0,
            42.0,
            44.0,
            46.0,
            47.0,
            48.0,
            49.0,
            50.0,
            58.0,
            59.0,
            63.0,
            65.0,
            69.0,
            71.0,
            73.0,
            75.0,
            82.0,
            85.0,
            93.0,
            96.0
        ],
        "magnitude": [
            0.002,
            0.001,
            0.002,
            0.002,
            0.002,
            0.002,
            0.001,
            0.002,
            0.001,
            0.001,
            0.001,
            0.003,
            0.002,
            0.002,
            0.004,
            0.005,
            0.001,
            0.004,
            0.002,
            0.003,
            0.002,
            0.002,
            0.002,
            0.001,
            0.002,
            0.002,
            0.002,
            0.001,
            0.002,
            0.001,
            0.001,
            0.002,
            0.002,
            0.001,
            0.001,
            0.001,
            0.001,
            0.001,
            0.001,
            0.001,
            0.001,
            0.001,
            0.002,
            0.002
        ]
    },
    {
        "timestamp": 1715098477,
        "frequency": [
            1.0,
            2.0,
            3.0,
            4.0,
            5.0,
            6.0,
            7.0,
            8.0,
            9.0,
            10.0,
            11.0,
            12.0,
            13.0,
            14.0,
            15.0,
            16.0,
            17.0,
            18.0,
            19.0,
            20.0,
            21.0,
            22.0,
            23.0,
            24.0,
            25.0,
            26.0,
            27.0,
            28.0,
            29.0,
            30.0,
            31.0,
            32.0,
            33.0,
            34.0,
            35.0,
            36.0,
            37.0,
            38.0,
            39.0,
            40.0,
            41.0,
            43.0,
            45.0,
            46.0,
            47.0,
            48.0,
            49.0,
            50.0,
            51.0,
            52.0,
            53.0,
            55.0,
            57.0,
            58.0,
            59.0,
            60.0,
            62.0,
            63.0,
            64.0,
            65.0,
            67.0,
            68.0,
            70.0,
            72.0,
            74.0,
            77.0,
            78.0,
            79.0,
            80.0,
            82.0,
            83.0,
            89.0,
            93.0,
            94.0
        ],
        "magnitude": [
            0.006,
            0.002,
            0.007,
            0.005,
            0.003,
            0.005,
            0.003,
            0.006,
            0.004,
            0.003,
            0.005,
            0.001,
            0.003,
            0.002,
            0.003,
            0.003,
            0.002,
            0.002,
            0.002,
            0.002,
            0.001,
            0.001,
            0.004,
            0.002,
            0.002,
            0.002,
            0.001,
            0.002,
            0.001,
            0.003,
            0.002,
            0.002,
            0.002,
            0.003,
            0.002,
            0.003,
            0.002,
            0.002,
            0.002,
            0.002,
            0.002,
            0.003,
            0.003,
            0.001,
            0.002,
            0.002,
            0.001,
            0.003,
            0.002,
            0.002,
            0.001,
            0.002,
            0.002,
            0.002,
            0.001,
            0.002,
            0.002,
            0.002,
            0.001,
            0.002,
            0.002,
            0.001,
            0.002,
            0.002,
            0.001,
            0.001,
            0.001,
            0.002,
            0.001,
            0.001,
            0.001,
            0.001,
            0.001,
            0.001
        ]
    },
    {
        "timestamp": 1715098490,
        "frequency": [
            4.0,
            5.0,
            6.0,
            7.0,
            9.0,
            12.0,
            13.0,
            14.0,
            15.0,
            16.0,
            17.0,
            19.0,
            20.0,
            21.0,
            22.0,
            23.0,
            26.0,
            29.0,
            30.0,
            32.0,
            33.0,
            34.0,
            35.0,
            36.0,
            37.0,
            39.0,
            40.0,
            41.0,
            42.0,
            43.0,
            44.0,
            45.0,
            48.0,
            49.0,
            50.0,
            51.0,
            96.0,
            98.0
        ],
        "magnitude": [
            0.001,
            0.001,
            0.002,
            0.002,
            0.001,
            0.001,
            0.001,
            0.001,
            0.003,
            0.001,
            0.001,
            0.001,
            0.001,
            0.002,
            0.001,
            0.001,
            0.002,
            0.001,
            0.002,
            0.001,
            0.002,
            0.002,
            0.001,
            0.002,
            0.002,
            0.002,
            0.001,
            0.002,
            0.001,
            0.001,
            0.001,
            0.001,
            0.001,
            0.001,
            0.001,
            0.001,
            0.001,
            0.001
        ]
    }
]