[
    {
        "timestamp": 1716664320,
        "index": [
            0,
            5,
            10,
            15,
            20,
            25,
            30,
            35,
            40,
            45,
            50,
            55,
            60,
            65,
            70,
            75,
            80,
            85,
            90,
            95,
            100,
            105,
            110,
            115,
            120,
            125,
            130,
            135,
            140,
            145,
            150,
            155,
            160,
            165,
            170,
            175,
            180,
            185,
            190,
            195,
            200,
            205,
            210,
            215,
            220,
            225,
            230,
            235,
            240,
            245,
            250,
            255,
            260,
            265,
            270,
            275,
            280,
            285,
            290,
            295,
            300,
            305,
            310,
            315
        ],
        "accelx": [
            0.02,
            1.8994,
            -1.0537,
            -0.8643,
            -0.1968,
            0.1938,
            0.0024,
            -0.2095,
            0.0522,
            0.0771,
            0.0396,
            -0.2383,
            -0.0742,
            0.0439,
            -0.0522,
            0.1108,
            0.1416,
            0.27,
            0.437,
            -0.7598,
            -0.0527,
            -0.3281,
            0.3252,
            0.1021,
            -0.1128,
            0.0703,
            0.0845,
            0.0493,
            -0.0674,
            -0.1206,
            -0.0591,
            -0.1685,
            -0.1616,
            -0.0454,
            0.0479,
            0.0283,
            -0.0107,
            -0.0605,
            -0.0532,
            0.0122,
            0.0073,
            -0.0347,
            -0.0503,
            -0.0654,
            -0.042,
            -0.0239,
            -0.0044,
            -0.0103,
            -0.0098,
            -0.0146,
            -0.0288,
            -0.0498,
            -0.0483,
            -0.0278,
            -0.0176,
            -0.0103,
            -0.0117,
            -0.019,
            -0.0322,
            -0.0356,
            -0.04,
            -0.0342,
            -0.0239,
            -0.0181
        ],
        "accely": [
            -0.0444,
            -0.5645,
            0.8271,
            -0.5752,
            -0.0054,
            0.1294,
            0.0527,
            -0.7441,
            -0.6133,
            -0.0361,
            0.1626,
            -0.0552,
            0.1367,
            -0.0615,
            0.2393,
            0.2158,
            0.1289,
            0.1982,
            0.2676,
            -0.2822,
            -0.0225,
            0.1826,
            0.0913,
            0.04,
            -0.0054,
            -0.1455,
            -0.0317,
            0.0879,
            0.2568,
            0.0845,
            -0.0894,
            -0.2505,
            -0.1816,
            -0.1602,
            -0.1211,
            -0.0845,
            0.0283,
            0.1357,
            0.1313,
            -0.0137,
            -0.062,
            -0.0474,
            -0.0566,
            -0.0635,
            -0.0493,
            -0.0288,
            -0.0107,
            0.0078,
            0.001,
            -0.0249,
            -0.042,
            -0.0405,
            -0.0371,
            -0.0273,
            -0.0229,
            -0.0195,
            -0.0171,
            -0.0171,
            -0.0225,
            -0.04,
            -0.0386,
            -0.0317,
            -0.0225,
            -0.0171
        ],
        "accelz": [
            0.8037,
            13.397,
            2.4502,
            -5.959,
            0.4038,
            1.7905,
            0.1382,
            0.9849,
            0.2617,
            0.0659,
            0.5781,
            0.6177,
            0.3149,
            0.1733,
            1.3418,
            0.4634,
            1.0527,
            1.7051,
            3.4536,
            2.5889,
            0.3115,
            -1.7188,
            -0.0952,
            -0.1152,
            0.5317,
            0.459,
            2.105,
            1.9839,
            1.1538,
            1.3833,
            0.999,
            1.0659,
            0.5957,
            0.5283,
            0.6357,
            1.1084,
            1.4565,
            1.3774,
            1.0654,
            0.8574,
            0.7876,
            0.9253,
            1.0972,
            1.0977,
            0.9541,
            0.8833,
            0.9355,
            1.0693,
            1.1396,
            1.0693,
            0.9424,
            0.875,
            0.9346,
            1.0313,
            1.0581,
            1.0254,
            0.9834,
            0.9902,
            1.0205,
            1.0107,
            0.9771,
            0.9619,
            0.9834,
            1.019
        ],
        "impact_id": 0
    },
    {
        "timestamp": 1716664320,
        "index": [
            0,
            5,
            10,
            15,
            20,
            25,
            30,
            35,
            40,
            45,
            50,
            55,
            60,
            65,
            70,
            75,
            80,
            85,
            90,
            95,
            100,
            105,
            110,
            115,
            120,
            125,
            130,
            135,
            140,
            145,
            150,
            155,
            160,
            165,
            170,
            175,
            180,
            185,
            190,
            195,
            200,
            205,
            210,
            215,
            220,
            225,
            230,
            235,
            240,
            245
        ],
        "accelx": [
            0.0596,
            -2.0015,
            0.9927,
            -0.668,
            0.0928,
            0.0952,
            0.0962,
            -0.0835,
            0.0498,
            -0.0532,
            0.1387,
            -0.019,
            0.2402,
            -0.1333,
            -0.0557,
            0.1226,
            0.0112,
            -0.5415,
            -0.1084,
            -0.2607,
            0.1377,
            0.1411,
            -0.0459,
            0.1865,
            0.1074,
            -0.1045,
            -0.1128,
            -0.0518,
            -0.0781,
            -0.1006,
            -0.0332,
            0.001,
            -0.0088,
            -0.0225,
            -0.0479,
            -0.0054,
            0.0205,
            -0.0083,
            -0.04,
            -0.0391,
            -0.0161,
            -0.0063,
            -0.0103,
            -0.0176,
            -0.0327,
            -0.041,
            -0.0352,
            -0.0332,
            -0.0244,
            -0.0269
        ],
        "accely": [
            -0.0732,
            0.3447,
            -0.604,
            -0.4463,
            -0.5273,
            0.6763,
            0.2627,
            -0.0815,
            -0.1113,
            -0.1836,
            -0.0493,
            -0.0361,
            0.0791,
            0.0669,
            0.2783,
            0.0947,
            -0.1904,
            -0.4111,
            -0.0332,
            0.2041,
            -0.1431,
            -0.0879,
            -0.0293,
            -0.1504,
            0.1294,
            0.291,
            0.146,
            -0.0039,
            -0.1831,
            -0.2212,
            -0.2246,
            -0.0806,
            0.0,
            0.0356,
            0.0884,
            0.0669,
            -0.0181,
            -0.041,
            -0.0415,
            -0.0371,
            -0.0181,
            -0.0127,
            -0.0127,
            -0.0151,
            -0.0269,
            -0.0347,
            -0.0415,
            -0.0322,
            -0.0298,
            -0.0298
        ],
        "accelz": [
            1.1265,
            15.9995,
            4.9966,
            -0.4126,
            0.897,
            0.2095,
            -0.123,
            0.3379,
            0.1616,
            -0.2729,
            -0.4565,
            1.8032,
            1.5356,
            1.3916,
            0.1787,
            1.1416,
            2.9141,
            2.957,
            0.6543,
            -1.3691,
            -0.3706,
            0.1226,
            1.3613,
            1.5664,
            2.0332,
            1.52,
            1.0313,
            0.8169,
            0.6875,
            0.7339,
            0.8579,
            0.9609,
            1.1079,
            1.1826,
            1.1616,
            1.0176,
            0.9316,
            0.9453,
            1.0,
            0.981,
            1.0449,
            1.0308,
            1.0098,
            0.9951,
            0.9946,
            0.999,
            0.9873,
            0.9761,
            0.9946,
            0.9902
        ],
        "impact_id": 1
    },
    {
        "timestamp": 1716664320,
        "index": [
            0,
            5,
            10,
            15,
            20,
            25,
            30,
            35,
            40,
            45,
            50,
            55,
            60,
            65,
            70,
            75,
            80,
            85,
            90,
            95,
            100,
            105,
            110,
            115,
            120,
            125,
            130,
            135,
            140,
            145,
            150,
            155,
            160,
            165,
            170,
            175,
            180,
            185,
            190,
            195,
            200,
            205,
            210
        ],
        "accelx": [
            -0.0464,
            -0.2393,
            -0.0156,
            0.144,
            -0.0786,
            -0.2061,
            -0.0503,
            -0.0708,
            0.3003,
            -0.1699,
            -0.2393,
            -0.0879,
            -0.1792,
            0.0127,
            -0.0039,
            0.0615,
            0.1045,
            -0.0859,
            -0.1597,
            -0.208,
            -0.0854,
            -0.0073,
            0.0029,
            -0.0054,
            -0.0166,
            -0.0474,
            -0.0527,
            -0.0283,
            -0.0112,
            -0.0166,
            -0.0225,
            -0.0356,
            -0.0288,
            -0.0166,
            -0.019,
            -0.0215,
            -0.0371,
            -0.0332,
            -0.0229,
            -0.0156,
            -0.0166,
            -0.0303,
            -0.0347
        ],
        "accely": [
            0.5522,
            0.48,
            0.3691,
            -0.1074,
            0.0908,
            0.0962,
            0.2725,
            0.0894,
            0.2822,
            -0.4614,
            -0.1846,
            -0.0254,
            0.0435,
            -0.1123,
            -0.1616,
            -0.2178,
            -0.1875,
            0.0469,
            0.2012,
            0.083,
            -0.0366,
            -0.0156,
            -0.0151,
            -0.021,
            -0.0161,
            -0.0234,
            -0.0186,
            -0.0312,
            -0.041,
            -0.0337,
            -0.0225,
            -0.0083,
            -0.0078,
            -0.0303,
            -0.0376,
            -0.0308,
            -0.0254,
            -0.0166,
            -0.0234,
            -0.0269,
            -0.0244,
            -0.019,
            -0.0186
        ],
        "accelz": [
            -1.1343,
            -4.0889,
            -1.064,
            1.1709,
            1.1875,
            0.5142,
            -0.0142,
            4.2954,
            2.7749,
            2.9321,
            1.6865,
            -0.0776,
            -0.5552,
            -0.374,
            0.6572,
            1.2847,
            2.2871,
            1.9951,
            0.8916,
            0.4946,
            0.3535,
            1.2607,
            1.231,
            0.9912,
            0.8472,
            0.8311,
            0.9854,
            1.1123,
            1.0884,
            0.9697,
            0.9067,
            0.9551,
            1.0483,
            1.0728,
            1.0166,
            0.9478,
            0.9424,
            1.0005,
            1.0425,
            1.0313,
            0.9893,
            0.9678,
            0.9868
        ],
        "impact_id": 2
    }
]