[
    {
        "timestamp": 1713940480,
        "index": [
            0,
            5,
            10,
            15,
            20,
            25,
            30,
            35,
            40,
            45,
            50,
            55,
            60,
            65,
            70,
            75,
            80,
            85,
            90,
            95,
            100,
            105,
            110,
            115,
            120,
            125,
            130,
            135,
            140,
            145,
            150,
            155,
            160,
            165,
            170,
            175,
            180,
            185,
            190,
            195
        ],
        "accelx": [
            0.0527,
            7.9998,
            7.4062,
            4.1406,
            -0.957,
            -0.6621,
            -0.2246,
            -0.3555,
            0.2187,
            -0.2988,
            0.0391,
            -0.0859,
            -0.1211,
            0.0547,
            -0.0449,
            -0.0684,
            0.1191,
            -0.0645,
            0.1016,
            -0.0488,
            0.0371,
            0.0254,
            -0.0977,
            -0.0527,
            -0.0371,
            -0.0254,
            0.0,
            -0.0137,
            -0.0391,
            0.0,
            -0.0371,
            -0.0059,
            -0.0039,
            -0.0508,
            -0.043,
            -0.0449,
            -0.0352,
            -0.0391,
            -0.0293,
            -0.0273
        ],
        "accely": [
            0.0508,
            -4.8066,
            0.9609,
            -2.0273,
            1.709,
            0.3613,
            -0.8242,
            0.2363,
            0.2676,
            -0.4238,
            0.3066,
            0.1094,
            -0.2344,
            -0.1289,
            -0.1367,
            -0.0762,
            -0.0273,
            0.1465,
            0.0449,
            -0.1152,
            -0.041,
            0.0391,
            -0.0117,
            0.0391,
            -0.0098,
            -0.041,
            -0.0566,
            -0.0371,
            -0.0547,
            -0.0625,
            -0.0508,
            -0.0195,
            -0.0312,
            -0.0469,
            -0.0176,
            -0.0117,
            -0.0137,
            -0.0059,
            -0.0332,
            -0.0312
        ],
        "accelz": [
            0.3652,
            2.5312,
            5.4668,
            6.1641,
            -4.0078,
            1.5625,
            0.6738,
            0.5098,
            2.5957,
            0.1328,
            1.5723,
            1.3711,
            0.5215,
            0.9648,
            0.9492,
            0.5605,
            1.1074,
            1.0977,
            1.5469,
            0.8242,
            1.0977,
            1.1914,
            0.7832,
            1.0137,
            1.1094,
            1.0469,
            1.0938,
            1.0918,
            0.8613,
            1.0293,
            0.9844,
            1.0781,
            1.0371,
            1.0039,
            0.9531,
            0.9375,
            0.9551,
            1.0078,
            0.9629,
            0.9688
        ]
    },
    {
        "timestamp": 1713940480,
        "index": [
            0,
            5,
            10,
            15,
            20,
            25,
            30,
            35,
            40,
            45,
            50,
            55,
            60,
            65,
            70,
            75,
            80,
            85,
            90,
            95,
            100,
            105,
            110,
            115,
            120,
            125,
            130,
            135,
            140,
            145,
            150,
            155,
            160,
            165,
            170,
            175,
            180,
            185,
            190,
            195,
            200,
            205,
            210,
            215,
            220,
            225,
            230,
            235,
            240,
            245,
            250
        ],
        "accelx": [
            0.1895,
            4.5488,
            5.8574,
            3.0879,
            -0.7012,
            -0.4824,
            1.1953,
            -0.248,
            0.0918,
            0.2109,
            -0.207,
            0.0801,
            -0.1094,
            0.0547,
            -0.1016,
            0.0293,
            -0.1777,
            -0.084,
            -0.1133,
            -0.0059,
            -0.0762,
            -0.043,
            0.0469,
            -0.002,
            -0.0449,
            -0.0059,
            -0.0586,
            -0.0195,
            -0.0352,
            -0.0078,
            -0.0879,
            -0.0117,
            -0.123,
            -0.1035,
            -0.0215,
            0.041,
            -0.0684,
            -0.0312,
            -0.0254,
            -0.0215,
            -0.0742,
            0.0312,
            0.002,
            -0.0703,
            0.002,
            -0.0605,
            -0.0449,
            -0.0078,
            -0.0605,
            -0.0234,
            -0.0234
        ],
        "accely": [
            0.0703,
            -5.9727,
            2.2227,
            -0.0391,
            -0.0664,
            0.127,
            0.2051,
            -0.0703,
            -0.3984,
            0.125,
            -0.127,
            0.0156,
            -0.041,
            -0.1973,
            -0.0195,
            0.0039,
            -0.0957,
            0.1113,
            0.0352,
            -0.0391,
            -0.0195,
            -0.0781,
            -0.2051,
            -0.002,
            -0.0488,
            -0.0566,
            0.041,
            -0.0332,
            0.0137,
            -0.0059,
            -0.0039,
            0.0098,
            -0.0332,
            -0.0371,
            -0.043,
            -0.041,
            -0.0801,
            -0.041,
            -0.0566,
            0.0059,
            -0.002,
            -0.0371,
            -0.043,
            -0.0215,
            -0.0176,
            -0.0195,
            -0.0508,
            -0.0332,
            -0.0176,
            -0.0664,
            -0.0312
        ],
        "accelz": [
            1.082,
            7.4434,
            4.8125,
            7.9998,
            -1.6152,
            1.3887,
            5.5137,
            0.0488,
            2.1035,
            1.1797,
            0.7109,
            1.0859,
            0.7656,
            0.7129,
            0.9688,
            0.7637,
            0.7148,
            1.1035,
            0.8145,
            0.8594,
            1.0215,
            1.1094,
            1.0,
            0.9355,
            0.9453,
            1.0371,
            1.0117,
            0.8711,
            0.9219,
            0.9746,
            0.8574,
            0.9805,
            0.9219,
            0.9434,
            1.0391,
            1.2969,
            0.9883,
            0.9512,
            1.0137,
            1.082,
            0.9512,
            1.0625,
            0.9746,
            0.916,
            0.9473,
            0.9609,
            0.9453,
            1.0234,
            1.0195,
            0.9941,
            1.0645
        ]
    },
    {
        "timestamp": 1713940864,
        "index": [
            0,
            5,
            10,
            15,
            20,
            25,
            30,
            35,
            40,
            45,
            50,
            55,
            60,
            65,
            70,
            75,
            80,
            85,
            90,
            95,
            100,
            105,
            110,
            115,
            120,
            125,
            130,
            135,
            140,
            145,
            150,
            155,
            160,
            165,
            170,
            175,
            180
        ],
        "accelx": [
            -0.1738,
            1.502,
            0.4727,
            -0.6211,
            0.4805,
            0.0098,
            0.0742,
            0.1504,
            0.2422,
            0.1016,
            0.1641,
            0.0449,
            0.1094,
            0.0898,
            0.1699,
            0.1055,
            -0.0801,
            -0.0371,
            -0.0371,
            0.1543,
            -0.0762,
            0.0586,
            0.0,
            -0.1113,
            0.0918,
            -0.0664,
            -0.0859,
            -0.0254,
            -0.1055,
            -0.0723,
            -0.084,
            -0.0586,
            -0.0918,
            -0.0586,
            -0.123,
            -0.1172,
            -0.0937
        ],
        "accely": [
            0.1113,
            -0.0098,
            -0.0332,
            -0.0352,
            -0.3477,
            0.1016,
            -0.0059,
            0.0645,
            0.127,
            0.0195,
            0.1523,
            0.0801,
            -0.043,
            0.1543,
            -0.002,
            0.0859,
            -0.0195,
            0.1055,
            -0.1152,
            0.2012,
            0.0039,
            0.0645,
            0.0254,
            0.0117,
            0.043,
            0.0293,
            0.0273,
            0.0566,
            0.0391,
            0.0254,
            0.0195,
            0.0566,
            0.0293,
            0.002,
            0.0254,
            -0.0156,
            -0.002
        ],
        "accelz": [
            1.2148,
            3.8613,
            2.0039,
            0.4609,
            1.2715,
            0.9316,
            0.9922,
            0.75,
            0.9707,
            1.1699,
            1.4648,
            1.0352,
            1.0078,
            1.1113,
            1.2246,
            0.9727,
            1.4199,
            0.9531,
            1.0566,
            1.709,
            0.666,
            1.1348,
            0.9473,
            0.7207,
            1.0293,
            0.9492,
            0.873,
            1.0195,
            1.002,
            0.9668,
            0.9414,
            0.9844,
            0.9492,
            0.9004,
            0.8945,
            0.9727,
            0.9805
        ]
    },
    {
        "timestamp": 1713941120,
        "index": [
            0,
            5,
            10,
            15,
            20,
            25,
            30,
            35,
            40,
            45,
            50,
            55,
            60,
            65,
            70,
            75,
            80,
            85,
            90,
            95,
            100,
            105,
            110,
            115,
            120,
            125,
            130,
            135,
            140,
            145,
            150,
            155,
            160,
            165,
            170
        ],
        "accelx": [
            0.7559,
            1.498,
            0.791,
            0.6973,
            1.1797,
            0.9883,
            0.791,
            1.1465,
            0.8828,
            0.9805,
            0.8887,
            0.9512,
            0.8848,
            1.0059,
            0.9688,
            1.127,
            0.8047,
            0.8828,
            0.8438,
            0.6738,
            0.6504,
            0.6992,
            0.7539,
            0.7266,
            0.7598,
            0.7266,
            0.7031,
            0.6973,
            0.6641,
            0.6797,
            0.666,
            0.6543,
            0.6465,
            0.6992,
            0.6582
        ],
        "accely": [
            -0.3828,
            -0.1621,
            -0.2266,
            -0.1738,
            -0.3906,
            -0.3164,
            -0.2148,
            -0.2715,
            -0.1562,
            -0.0508,
            -0.0703,
            -0.0215,
            0.0059,
            -0.0957,
            0.0332,
            0.3398,
            0.0098,
            0.082,
            -0.3125,
            -0.1934,
            -0.1562,
            -0.2344,
            -0.1094,
            -0.1523,
            -0.2422,
            -0.1602,
            -0.2168,
            -0.1914,
            -0.123,
            -0.1367,
            -0.1562,
            -0.1465,
            -0.1855,
            -0.1797,
            -0.1973
        ],
        "accelz": [
            0.0605,
            2.8594,
            0.0937,
            -0.2988,
            1.502,
            0.6289,
            0.2637,
            0.8906,
            -0.0254,
            0.0918,
            0.1172,
            0.1035,
            0.1523,
            0.3203,
            0.2461,
            0.0449,
            -0.2227,
            0.6406,
            0.7051,
            1.0059,
            0.5352,
            0.377,
            0.418,
            0.3281,
            0.4707,
            0.6035,
            0.5723,
            0.5684,
            0.5195,
            0.5508,
            0.4785,
            0.498,
            0.666,
            0.7871,
            0.6406
        ]
    },
    {
        "timestamp": 1713943296,
        "index": [
            0,
            5,
            10,
            15,
            20,
            25,
            30,
            35,
            40,
            45,
            50,
            55,
            60,
            65,
            70,
            75,
            80,
            85,
            90,
            95,
            100,
            105,
            110
        ],
        "accelx": [
            2.2969,
            3.1699,
            3.2363,
            3.248,
            4.041,
            3.4824,
            2.4395,
            1.2871,
            0.2539,
            0.2617,
            0.2461,
            0.2617,
            0.2773,
            0.3027,
            0.3125,
            0.3125,
            0.3066,
            0.3203,
            0.3223,
            0.3184,
            0.3242,
            0.3125,
            0.3145
        ],
        "accely": [
            -0.5254,
            -0.2109,
            -0.7402,
            -0.8379,
            -0.9336,
            -0.8652,
            -1.0938,
            -0.2559,
            -0.584,
            -0.6289,
            -0.6582,
            -0.6895,
            -0.6973,
            -0.7246,
            -0.752,
            -0.7441,
            -0.7168,
            -0.7227,
            -0.7109,
            -0.7031,
            -0.6934,
            -0.6836,
            -0.6699
        ],
        "accelz": [
            1.0117,
            1.1074,
            2.2363,
            0.6426,
            0.5645,
            0.9375,
            2.1934,
            -0.166,
            0.4883,
            0.4883,
            0.4141,
            0.373,
            0.3574,
            0.3398,
            0.3145,
            0.3223,
            0.3262,
            0.3262,
            0.3281,
            0.3203,
            0.3223,
            0.3223,
            0.3164
        ]
    },
    {
        "timestamp": 1713943296,
        "index": [
            0,
            5,
            10,
            15,
            20,
            25,
            30,
            35,
            40,
            45,
            50,
            55,
            60,
            65,
            70,
            75,
            80,
            85,
            90,
            95,
            100,
            105,
            110,
            115,
            120,
            125,
            130,
            135,
            140,
            145,
            150,
            155,
            160,
            165,
            170,
            175,
            180,
            185,
            190,
            195,
            200,
            205,
            210,
            215,
            220,
            225,
            230,
            235,
            240,
            245
        ],
        "accelx": [
            0.8379,
            -1.125,
            -0.1035,
            -1.9121,
            1.0801,
            -0.1035,
            -0.6855,
            -1.0195,
            0.0078,
            -0.0117,
            0.0703,
            0.3906,
            0.3789,
            0.2891,
            0.3359,
            0.1055,
            0.0781,
            0.0586,
            0.1309,
            -1.2695,
            0.5352,
            -0.0469,
            0.7383,
            0.1445,
            0.1777,
            0.1289,
            0.1836,
            -0.0293,
            -0.082,
            -0.0723,
            -0.0801,
            -0.0488,
            -0.0918,
            0.6348,
            0.7754,
            0.4824,
            0.4297,
            0.4023,
            0.3555,
            0.3008,
            0.2363,
            0.1699,
            0.1562,
            0.1211,
            0.0859,
            0.0332,
            -0.0234,
            -0.0332,
            -0.0254,
            -0.0195
        ],
        "accely": [
            -0.5898,
            -1.1875,
            -0.1035,
            -0.418,
            -1.7988,
            -0.0117,
            -0.2227,
            -0.4727,
            -0.0488,
            -0.3105,
            -0.1719,
            -0.1719,
            -0.0586,
            -0.127,
            -0.1113,
            -0.3184,
            -0.2969,
            -0.2949,
            -0.4062,
            -0.3516,
            -0.625,
            -0.2109,
            -0.2266,
            -0.3516,
            -0.3496,
            -0.3516,
            -0.3555,
            -0.4023,
            -0.4453,
            -0.4355,
            -0.4395,
            -0.4883,
            -0.5039,
            -0.8652,
            -0.9336,
            -0.7637,
            -0.7441,
            -0.6445,
            -0.6445,
            -0.6367,
            -0.6035,
            -0.6016,
            -0.5996,
            -0.5898,
            -0.5977,
            -0.5977,
            -0.5957,
            -0.6113,
            -0.5977,
            -0.6113
        ],
        "accelz": [
            0.7227,
            -3.9512,
            0.8535,
            1.7363,
            2.8613,
            1.8281,
            1.1113,
            1.8359,
            1.9043,
            0.9297,
            0.8438,
            1.2754,
            0.8477,
            0.4023,
            0.5234,
            1.041,
            1.0352,
            1.0781,
            1.4492,
            0.332,
            1.123,
            0.5762,
            2.7598,
            1.0195,
            1.0488,
            1.0234,
            1.2578,
            1.002,
            0.8574,
            0.9414,
            0.9414,
            1.0332,
            1.0996,
            0.8945,
            0.6211,
            0.6035,
            0.5566,
            0.6289,
            0.6289,
            0.6504,
            0.7363,
            0.7402,
            0.7559,
            0.7656,
            0.8223,
            0.8066,
            0.8203,
            0.8672,
            0.8477,
            0.8613
        ]
    },
    {
        "timestamp": 1713943296,
        "index": [
            0,
            5,
            10,
            15,
            20,
            25,
            30,
            35,
            40,
            45,
            50,
            55,
            60,
            65,
            70,
            75,
            80,
            85,
            90,
            95,
            100,
            105,
            110,
            115,
            120,
            125,
            130,
            135,
            140,
            145,
            150,
            155
        ],
        "accelx": [
            0.6523,
            -1.7422,
            -2.4141,
            -2.1172,
            0.3516,
            0.3906,
            0.4316,
            0.4922,
            0.5195,
            0.5098,
            0.4805,
            0.4785,
            0.457,
            0.4492,
            0.4805,
            0.5723,
            0.5957,
            0.5391,
            0.5215,
            0.5195,
            0.5254,
            0.5098,
            0.502,
            0.5,
            0.4824,
            0.498,
            0.4824,
            0.498,
            0.5234,
            0.5117,
            0.5273,
            0.5176
        ],
        "accely": [
            -0.8301,
            -0.6621,
            -0.8359,
            -0.9258,
            -0.5234,
            -0.5215,
            -0.5254,
            -0.5547,
            -0.5859,
            -0.627,
            -0.6719,
            -0.6777,
            -0.6875,
            -0.6992,
            -0.7109,
            -0.7715,
            -0.8047,
            -0.7617,
            -0.7324,
            -0.7129,
            -0.707,
            -0.6992,
            -0.6719,
            -0.6738,
            -0.6484,
            -0.6465,
            -0.6641,
            -0.6504,
            -0.627,
            -0.6621,
            -0.6465,
            -0.627
        ],
        "accelz": [
            0.8105,
            3.623,
            -1.209,
            -0.8398,
            0.4102,
            0.4238,
            0.4199,
            0.459,
            0.4746,
            0.5508,
            0.6309,
            0.6582,
            0.707,
            0.7246,
            0.7461,
            0.6836,
            0.625,
            0.5664,
            0.5312,
            0.5273,
            0.5234,
            0.5078,
            0.5,
            0.5098,
            0.5,
            0.541,
            0.4707,
            0.4434,
            0.5352,
            0.457,
            0.4746,
            0.5352
        ]
    },
    {
        "timestamp": 1713943296,
        "index": [
            0,
            5,
            10,
            15,
            20,
            25,
            30,
            35,
            40,
            45,
            50,
            55,
            60,
            65,
            70,
            75,
            80,
            85,
            90,
            95,
            100,
            105,
            110,
            115,
            120,
            125,
            130
        ],
        "accelx": [
            2.2812,
            1.5508,
            1.334,
            0.8281,
            0.2949,
            0.75,
            0.584,
            0.5566,
            0.3047,
            0.5137,
            0.3906,
            0.5605,
            0.6211,
            0.6152,
            0.6152,
            0.623,
            0.6172,
            0.6113,
            0.6055,
            0.584,
            0.5645,
            0.5605,
            0.5449,
            0.5215,
            0.5137,
            0.5156,
            0.4941
        ],
        "accely": [
            -0.9785,
            -1.5215,
            -1.6074,
            -0.9922,
            -1.7383,
            -1.4453,
            -1.4473,
            -1.2109,
            -1.2344,
            -1.1563,
            -1.0078,
            -0.9746,
            -0.8848,
            -0.8906,
            -0.8848,
            -0.8398,
            -0.8066,
            -0.7988,
            -0.7656,
            -0.7441,
            -0.7324,
            -0.709,
            -0.7266,
            -0.7285,
            -0.7227,
            -0.6855,
            -0.7598
        ],
        "accelz": [
            1.4785,
            2.6152,
            2.7676,
            3.2227,
            1.4355,
            0.4297,
            0.25,
            0.5703,
            -0.1289,
            0.2559,
            -0.2246,
            -0.0684,
            -0.084,
            -0.123,
            -0.1484,
            -0.1309,
            -0.1191,
            -0.1191,
            -0.084,
            -0.0605,
            -0.0664,
            -0.0664,
            -0.0098,
            -0.0117,
            0.002,
            0.1191,
            0.1016
        ]
    },
    {
        "timestamp": 1713943424,
        "index": [
            0,
            5,
            10,
            15,
            20,
            25,
            30,
            35,
            40,
            45,
            50,
            55,
            60,
            65,
            70,
            75,
            80,
            85,
            90,
            95,
            100,
            105,
            110,
            115,
            120,
            125,
            130,
            135,
            140,
            145,
            150,
            155,
            160,
            165
        ],
        "accelx": [
            1.7754,
            -1.7344,
            -1.4922,
            -0.209,
            0.043,
            0.0332,
            -0.0078,
            -0.0645,
            -0.0918,
            0.041,
            -0.0391,
            -0.041,
            -0.0254,
            -0.0391,
            -0.0156,
            -0.0352,
            -0.0039,
            -0.0332,
            0.0176,
            -0.0332,
            -0.041,
            -0.0332,
            -0.041,
            -0.0137,
            -0.0215,
            -0.0371,
            -0.0449,
            -0.0254,
            -0.0449,
            -0.0176,
            -0.0352,
            -0.0176,
            -0.0156,
            -0.0078
        ],
        "accely": [
            0.7773,
            -0.1445,
            0.2031,
            -0.3437,
            -0.2676,
            -0.1953,
            -0.0488,
            -0.0391,
            -0.0586,
            -0.0371,
            0.0156,
            0.0293,
            0.0195,
            0.0352,
            0.041,
            0.0684,
            0.0488,
            0.0703,
            0.0879,
            0.0977,
            0.0977,
            0.0801,
            0.0879,
            0.0937,
            0.0762,
            0.0898,
            0.0957,
            0.0957,
            0.084,
            0.0762,
            0.0801,
            0.0742,
            0.0742,
            0.0605
        ],
        "accelz": [
            1.0957,
            -2.5098,
            -2.7266,
            2.8359,
            1.1699,
            0.793,
            1.1387,
            1.0527,
            0.8926,
            1.2383,
            1.0742,
            1.0781,
            1.0547,
            1.0293,
            1.0879,
            1.0938,
            1.1484,
            1.0449,
            1.1953,
            1.0684,
            1.0352,
            1.0664,
            0.9941,
            1.0684,
            1.0371,
            1.002,
            1.0156,
            1.0215,
            0.9941,
            1.0449,
            1.0039,
            1.0078,
            1.0234,
            1.0371
        ]
    },
    {
        "timestamp": 40,
        "index": [
            0,
            5,
            10,
            15,
            20,
            25,
            30,
            35,
            40,
            45,
            50,
            55,
            60,
            65,
            70,
            75,
            80,
            85,
            90,
            95
        ],
        "accelx": [
            -0.0215,
            -5.4336,
            -1.5176,
            -0.9199,
            1.2676,
            -0.6582,
            -0.4062,
            0.791,
            -0.4668,
            0.4687,
            0.2012,
            -0.2715,
            -0.0684,
            0.0273,
            -0.0488,
            -0.0527,
            0.0742,
            0.0137,
            0.0,
            -0.0098
        ],
        "accely": [
            0.0039,
            -3.3594,
            3.2754,
            0.0332,
            -0.748,
            0.0566,
            0.3574,
            -0.0176,
            -0.3281,
            0.7305,
            0.2305,
            -0.1523,
            -0.0586,
            0.0,
            -0.0664,
            0.0098,
            0.0254,
            -0.0254,
            -0.0508,
            -0.0215
        ],
        "accelz": [
            0.9277,
            -4.2988,
            -0.0039,
            -0.3242,
            6.0371,
            -4.5254,
            1.2891,
            3.7871,
            -0.8457,
            1.4297,
            2.3477,
            0.0312,
            1.0996,
            0.9395,
            0.9316,
            1.0664,
            1.332,
            1.1953,
            0.959,
            1.0078
        ]
    },
    {
        "timestamp": 1713965056,
        "index": [
            0,
            5,
            10,
            15,
            20,
            25,
            30,
            35,
            40,
            45,
            50,
            55,
            60,
            65,
            70,
            75,
            80,
            85,
            90,
            95,
            100,
            105,
            110,
            115,
            120,
            125,
            130,
            135,
            140,
            145,
            150,
            155,
            160,
            165,
            170,
            175
        ],
        "accelx": [
            -0.1074,
            1.748,
            -1.0625,
            1.627,
            0.0996,
            -0.0332,
            -0.041,
            0.6211,
            0.2246,
            0.1973,
            -0.123,
            -0.248,
            -0.0488,
            0.1738,
            0.0293,
            -0.1875,
            0.0664,
            -0.0117,
            0.0254,
            -0.0156,
            0.0312,
            -0.1055,
            -0.0547,
            -0.0488,
            -0.0078,
            -0.0273,
            -0.0039,
            -0.0078,
            -0.0039,
            0.0098,
            -0.0312,
            -0.0566,
            -0.0469,
            -0.0684,
            -0.1016,
            -0.0723
        ],
        "accely": [
            0.0898,
            3.3574,
            1.3945,
            2.2422,
            0.457,
            -0.0586,
            -0.334,
            -0.0977,
            0.4102,
            0.1191,
            0.0977,
            -0.25,
            0.0312,
            0.0039,
            -0.1367,
            -0.3223,
            0.0898,
            -0.082,
            -0.0332,
            -0.0449,
            -0.0254,
            -0.0684,
            -0.0176,
            0.0098,
            -0.0098,
            -0.0312,
            -0.0645,
            -0.0645,
            -0.0781,
            -0.0566,
            -0.0371,
            -0.0195,
            0.0137,
            0.0059,
            -0.0566,
            0.002
        ],
        "accelz": [
            0.7129,
            6.5645,
            -4.582,
            1.0977,
            3.8535,
            1.8027,
            -0.1914,
            2.9941,
            1.6191,
            3.6992,
            0.7852,
            0.377,
            0.543,
            2.0,
            0.8633,
            0.6953,
            1.4492,
            0.9863,
            0.9609,
            0.9727,
            1.1504,
            0.8691,
            1.0117,
            0.9805,
            1.0195,
            0.9414,
            0.9648,
            0.9824,
            0.9727,
            1.0781,
            1.0195,
            1.0215,
            1.0176,
            0.9121,
            0.8926,
            0.9199
        ]
    },
    {
        "timestamp": 1713965056,
        "index": [
            0,
            5,
            10,
            15,
            20,
            25,
            30,
            35,
            40,
            45,
            50,
            55,
            60,
            65,
            70,
            75,
            80,
            85,
            90,
            95,
            100,
            105,
            110,
            115,
            120,
            125,
            130,
            135,
            140,
            145,
            150,
            155,
            160
        ],
        "accelx": [
            -0.0059,
            -3.5449,
            0.9375,
            -1.0176,
            -0.0117,
            0.1992,
            -0.0273,
            0.2734,
            -0.0352,
            -0.1074,
            0.1953,
            0.0176,
            -0.1191,
            -0.1055,
            0.0254,
            -0.1348,
            -0.0742,
            0.0039,
            0.0312,
            -0.0098,
            -0.0098,
            -0.0332,
            -0.0527,
            -0.0527,
            -0.0762,
            -0.0625,
            -0.0176,
            -0.0195,
            -0.0195,
            -0.0176,
            -0.0059,
            -0.0059,
            -0.0293
        ],
        "accely": [
            0.0137,
            -3.5879,
            1.541,
            0.5937,
            0.9297,
            -0.3594,
            -0.2852,
            0.1426,
            -0.2988,
            -0.3887,
            0.0117,
            0.0273,
            -0.1328,
            -0.1445,
            0.0,
            0.0625,
            0.0254,
            -0.0195,
            -0.0742,
            -0.0664,
            -0.0371,
            -0.0273,
            -0.0293,
            -0.0215,
            -0.0039,
            -0.0176,
            -0.0352,
            -0.0449,
            -0.0371,
            -0.0176,
            -0.041,
            -0.0605,
            -0.0215
        ],
        "accelz": [
            1.4355,
            -7.0195,
            0.7969,
            -1.2363,
            0.752,
            0.5742,
            -1.1035,
            1.3945,
            0.3555,
            0.4766,
            1.9355,
            1.7949,
            0.5957,
            0.7754,
            1.1387,
            1.0137,
            1.0723,
            1.1602,
            1.0742,
            0.9277,
            0.9531,
            0.998,
            0.9336,
            0.9844,
            0.9492,
            1.0195,
            1.0156,
            0.9668,
            1.0156,
            0.9902,
            0.9863,
            1.0059,
            1.0313
        ]
    }
]