[
    {
        "timestamp": 1713941053,
        "frequency": [
            1.0,
            2.0
        ],
        "magnitude": [
            0.006,
            0.007
        ]
    },
    {
        "timestamp": 1713941078,
        "frequency": [
            1.0,
            2.0,
            3.0,
            6.0,
            7.0,
            8.0,
            10.0
        ],
        "magnitude": [
            0.06,
            0.016,
            0.011,
            0.008,
            0.005,
            0.007,
            0.006
        ]
    },
    {
        "timestamp": 1713941107,
        "frequency": [
            1.0,
            2.0,
            3.0,
            4.0,
            5.0,
            6.0,
            7.0,
            8.0,
            9.0,
            10.0,
            11.0,
            12.0,
            14.0,
            15.0,
            16.0,
            17.0,
            19.0
        ],
        "magnitude": [
            0.008,
            0.107,
            0.027,
            0.042,
            0.029,
            0.006,
            0.025,
            0.029,
            0.026,
            0.031,
            0.016,
            0.025,
            0.02,
            0.008,
            0.012,
            0.006,
            0.006
        ]
    },
    {
        "timestamp": 1713941253,
        "frequency": [
            1.0,
            2.0,
            3.0,
            4.0,
            7.0,
            8.0,
            10.0,
            11.0,
            12.0,
            13.0,
            24.0,
            28.0,
            34.0
        ],
        "magnitude": [
            0.007,
            0.007,
            0.011,
            0.009,
            0.007,
            0.006,
            0.008,
            0.01,
            0.009,
            0.007,
            0.007,
            0.005,
            0.006
        ]
    },
    {
        "timestamp": 1713941278,
        "frequency": [
            2.0,
            3.0,
            5.0,
            7.0,
            8.0,
            9.0,
            10.0,
            12.0,
            13.0,
            15.0,
            16.0,
            19.0,
            21.0
        ],
        "magnitude": [
            0.006,
            0.006,
            0.007,
            0.007,
            0.01,
            0.009,
            0.015,
            0.011,
            0.007,
            0.009,
            0.01,
            0.007,
            0.006
        ]
    },
    {
        "timestamp": 1713941303,
        "frequency": [
            8.0,
            9.0,
            10.0,
            12.0,
            13.0,
            14.0,
            15.0,
            16.0,
            19.0,
            22.0,
            23.0
        ],
        "magnitude": [
            0.009,
            0.016,
            0.005,
            0.006,
            0.009,
            0.013,
            0.013,
            0.008,
            0.005,
            0.005,
            0.008
        ]
    },
    {
        "timestamp": 1713941328,
        "frequency": [
            1.0,
            2.0,
            6.0,
            12.0,
            15.0,
            16.0,
            21.0,
            23.0
        ],
        "magnitude": [
            0.01,
            0.007,
            0.009,
            0.005,
            0.015,
            0.007,
            0.006,
            0.006
        ]
    },
    {
        "timestamp": 1713941356,
        "frequency": [
            1.0,
            5.0,
            6.0,
            7.0,
            11.0,
            12.0,
            13.0,
            14.0,
            15.0,
            17.0,
            22.0,
            24.0,
            26.0
        ],
        "magnitude": [
            0.006,
            0.011,
            0.005,
            0.01,
            0.007,
            0.01,
            0.006,
            0.005,
            0.007,
            0.005,
            0.006,
            0.007,
            0.006
        ]
    },
    {
        "timestamp": 1713941377,
        "frequency": [
            8.0,
            11.0,
            12.0,
            14.0,
            15.0,
            22.0,
            56.0
        ],
        "magnitude": [
            0.005,
            0.007,
            0.005,
            0.006,
            0.019,
            0.006,
            0.006
        ]
    },
    {
        "timestamp": 1713941402,
        "frequency": [
            1.0,
            9.0,
            13.0,
            14.0,
            15.0,
            26.0,
            37.0,
            39.0
        ],
        "magnitude": [
            0.009,
            0.006,
            0.013,
            0.012,
            0.005,
            0.006,
            0.008,
            0.006
        ]
    },
    {
        "timestamp": 1713941455,
        "frequency": [
            1.0,
            2.0,
            6.0,
            7.0,
            9.0,
            11.0,
            12.0,
            13.0,
            14.0,
            15.0,
            19.0,
            20.0,
            21.0,
            23.0,
            25.0,
            27.0
        ],
        "magnitude": [
            0.015,
            0.012,
            0.006,
            0.014,
            0.007,
            0.005,
            0.009,
            0.02,
            0.011,
            0.02,
            0.012,
            0.014,
            0.006,
            0.007,
            0.005,
            0.006
        ]
    },
    {
        "timestamp": 1713941481,
        "frequency": [
            2.0,
            3.0,
            6.0,
            7.0,
            8.0,
            9.0,
            11.0,
            13.0,
            14.0,
            16.0,
            17.0,
            18.0,
            22.0,
            23.0,
            29.0,
            30.0,
            33.0
        ],
        "magnitude": [
            0.012,
            0.008,
            0.009,
            0.012,
            0.009,
            0.02,
            0.008,
            0.005,
            0.007,
            0.006,
            0.006,
            0.01,
            0.008,
            0.008,
            0.007,
            0.006,
            0.005
        ]
    },
    {
        "timestamp": 1713941503,
        "frequency": [
            1.0,
            2.0,
            3.0,
            7.0,
            9.0,
            10.0,
            13.0,
            14.0,
            15.0,
            16.0,
            17.0,
            18.0,
            24.0,
            25.0,
            26.0,
            31.0,
            32.0
        ],
        "magnitude": [
            0.005,
            0.005,
            0.005,
            0.007,
            0.005,
            0.007,
            0.006,
            0.007,
            0.014,
            0.027,
            0.007,
            0.009,
            0.007,
            0.008,
            0.006,
            0.006,
            0.005
        ]
    },
    {
        "timestamp": 1713941528,
        "frequency": [
            1.0,
            2.0,
            3.0,
            6.0,
            7.0,
            8.0,
            10.0,
            13.0,
            14.0,
            15.0,
            16.0,
            17.0,
            19.0,
            25.0,
            27.0
        ],
        "magnitude": [
            0.022,
            0.008,
            0.012,
            0.007,
            0.006,
            0.013,
            0.005,
            0.006,
            0.006,
            0.006,
            0.008,
            0.006,
            0.007,
            0.013,
            0.005
        ]
    },
    {
        "timestamp": 1713941553,
        "frequency": [
            13.0,
            14.0,
            18.0,
            19.0,
            27.0
        ],
        "magnitude": [
            0.02,
            0.007,
            0.006,
            0.006,
            0.005
        ]
    },
    {
        "timestamp": 1713941577,
        "frequency": [
            1.0,
            2.0,
            3.0,
            10.0,
            11.0,
            14.0,
            15.0,
            16.0,
            19.0,
            21.0,
            27.0,
            28.0,
            41.0
        ],
        "magnitude": [
            0.006,
            0.007,
            0.006,
            0.006,
            0.011,
            0.02,
            0.009,
            0.006,
            0.006,
            0.009,
            0.008,
            0.008,
            0.006
        ]
    },
    {
        "timestamp": 1713941606,
        "frequency": [
            2.0,
            3.0,
            7.0,
            8.0,
            13.0,
            14.0,
            15.0,
            16.0,
            18.0,
            20.0,
            21.0,
            27.0,
            28.0,
            32.0,
            35.0
        ],
        "magnitude": [
            0.007,
            0.008,
            0.005,
            0.01,
            0.005,
            0.01,
            0.009,
            0.01,
            0.006,
            0.006,
            0.009,
            0.009,
            0.006,
            0.005,
            0.005
        ]
    },
    {
        "timestamp": 1713941627,
        "frequency": [
            7.0,
            8.0,
            9.0,
            10.0,
            12.0,
            13.0,
            14.0,
            15.0,
            16.0,
            18.0,
            19.0,
            20.0,
            27.0,
            28.0,
            41.0
        ],
        "magnitude": [
            0.01,
            0.014,
            0.012,
            0.006,
            0.01,
            0.01,
            0.022,
            0.011,
            0.012,
            0.007,
            0.008,
            0.018,
            0.012,
            0.009,
            0.007
        ]
    },
    {
        "timestamp": 1713941652,
        "frequency": [
            3.0,
            9.0,
            12.0,
            16.0,
            17.0,
            20.0,
            28.0
        ],
        "magnitude": [
            0.006,
            0.006,
            0.005,
            0.015,
            0.007,
            0.009,
            0.009
        ]
    },
    {
        "timestamp": 1713941677,
        "frequency": [
            1.0,
            2.0,
            3.0,
            6.0,
            7.0,
            8.0,
            9.0,
            10.0,
            11.0,
            12.0,
            13.0,
            15.0,
            16.0,
            17.0,
            18.0,
            19.0,
            20.0,
            21.0,
            22.0,
            23.0,
            24.0,
            27.0,
            29.0,
            30.0,
            45.0
        ],
        "magnitude": [
            0.027,
            0.045,
            0.021,
            0.008,
            0.014,
            0.018,
            0.019,
            0.013,
            0.009,
            0.008,
            0.006,
            0.005,
            0.018,
            0.015,
            0.025,
            0.028,
            0.024,
            0.016,
            0.011,
            0.012,
            0.006,
            0.007,
            0.008,
            0.008,
            0.005
        ]
    },
    {
        "timestamp": 1713941702,
        "frequency": [
            1.0,
            4.0,
            7.0,
            8.0,
            11.0,
            12.0,
            13.0,
            14.0,
            15.0,
            16.0,
            19.0,
            21.0,
            22.0,
            23.0,
            25.0
        ],
        "magnitude": [
            0.007,
            0.006,
            0.006,
            0.009,
            0.007,
            0.013,
            0.005,
            0.006,
            0.01,
            0.011,
            0.016,
            0.009,
            0.012,
            0.006,
            0.005
        ]
    },
    {
        "timestamp": 1713941758,
        "frequency": [
            1.0,
            2.0,
            6.0,
            7.0,
            8.0,
            11.0,
            12.0,
            13.0,
            15.0,
            16.0,
            17.0,
            18.0,
            19.0,
            22.0,
            24.0,
            25.0,
            28.0,
            30.0
        ],
        "magnitude": [
            0.009,
            0.006,
            0.006,
            0.011,
            0.007,
            0.008,
            0.006,
            0.007,
            0.013,
            0.009,
            0.009,
            0.014,
            0.007,
            0.006,
            0.006,
            0.008,
            0.008,
            0.007
        ]
    },
    {
        "timestamp": 1713941777,
        "frequency": [
            7.0,
            8.0,
            9.0,
            10.0,
            12.0,
            13.0,
            15.0,
            17.0,
            21.0,
            22.0
        ],
        "magnitude": [
            0.006,
            0.009,
            0.006,
            0.009,
            0.005,
            0.006,
            0.012,
            0.007,
            0.009,
            0.007
        ]
    },
    {
        "timestamp": 1713941802,
        "frequency": [
            1.0,
            12.0,
            13.0,
            14.0,
            16.0,
            18.0,
            20.0,
            22.0,
            23.0,
            31.0,
            99.0
        ],
        "magnitude": [
            0.008,
            0.006,
            0.006,
            0.008,
            0.024,
            0.005,
            0.007,
            0.005,
            0.006,
            0.016,
            0.005
        ]
    },
    {
        "timestamp": 1713941827,
        "frequency": [
            2.0,
            3.0,
            4.0,
            10.0,
            11.0,
            12.0,
            13.0,
            15.0,
            16.0,
            17.0,
            18.0,
            24.0,
            26.0,
            32.0,
            36.0,
            84.0
        ],
        "magnitude": [
            0.007,
            0.012,
            0.009,
            0.009,
            0.007,
            0.007,
            0.009,
            0.011,
            0.01,
            0.005,
            0.067,
            0.006,
            0.012,
            0.007,
            0.009,
            0.005
        ]
    },
    {
        "timestamp": 1713941855,
        "frequency": [
            1.0,
            2.0,
            3.0,
            4.0,
            14.0,
            15.0,
            18.0,
            19.0,
            24.0,
            25.0,
            26.0,
            28.0,
            35.0,
            36.0,
            37.0
        ],
        "magnitude": [
            0.006,
            0.009,
            0.009,
            0.005,
            0.007,
            0.006,
            0.01,
            0.02,
            0.007,
            0.008,
            0.005,
            0.006,
            0.007,
            0.007,
            0.013
        ]
    },
    {
        "timestamp": 1713941877,
        "frequency": [
            2.0,
            3.0,
            5.0,
            8.0,
            9.0,
            10.0,
            11.0,
            12.0,
            13.0,
            14.0,
            15.0,
            16.0,
            18.0,
            20.0,
            22.0,
            23.0,
            24.0,
            25.0,
            27.0,
            34.0,
            36.0,
            37.0,
            38.0
        ],
        "magnitude": [
            0.023,
            0.029,
            0.007,
            0.007,
            0.005,
            0.014,
            0.009,
            0.015,
            0.01,
            0.011,
            0.006,
            0.005,
            0.037,
            0.007,
            0.008,
            0.007,
            0.008,
            0.007,
            0.011,
            0.006,
            0.005,
            0.006,
            0.009
        ]
    },
    {
        "timestamp": 1713941902,
        "frequency": [
            1.0,
            2.0,
            3.0,
            9.0,
            10.0,
            11.0,
            12.0,
            13.0,
            14.0,
            15.0,
            16.0,
            17.0,
            18.0,
            19.0,
            22.0,
            24.0,
            25.0,
            36.0,
            37.0,
            84.0
        ],
        "magnitude": [
            0.013,
            0.007,
            0.009,
            0.007,
            0.01,
            0.006,
            0.012,
            0.018,
            0.009,
            0.007,
            0.009,
            0.012,
            0.056,
            0.015,
            0.014,
            0.009,
            0.011,
            0.014,
            0.006,
            0.005
        ]
    },
    {
        "timestamp": 1713941927,
        "frequency": [
            1.0,
            2.0,
            3.0,
            7.0,
            13.0,
            14.0,
            16.0,
            18.0,
            19.0,
            22.0,
            24.0,
            25.0,
            27.0,
            28.0,
            33.0,
            34.0,
            35.0
        ],
        "magnitude": [
            0.02,
            0.013,
            0.005,
            0.01,
            0.016,
            0.017,
            0.01,
            0.013,
            0.011,
            0.011,
            0.005,
            0.011,
            0.009,
            0.008,
            0.006,
            0.007,
            0.011
        ]
    },
    {
        "timestamp": 1713941952,
        "frequency": [
            1.0,
            2.0,
            6.0,
            7.0,
            8.0,
            13.0,
            14.0,
            15.0,
            16.0,
            17.0,
            18.0,
            19.0,
            21.0,
            22.0,
            23.0,
            24.0,
            33.0
        ],
        "magnitude": [
            0.017,
            0.006,
            0.006,
            0.007,
            0.007,
            0.01,
            0.011,
            0.007,
            0.009,
            0.011,
            0.01,
            0.006,
            0.005,
            0.015,
            0.006,
            0.009,
            0.006
        ]
    },
    {
        "timestamp": 1713941980,
        "frequency": [
            1.0,
            2.0,
            6.0,
            10.0,
            15.0,
            16.0,
            18.0,
            19.0,
            20.0,
            26.0
        ],
        "magnitude": [
            0.005,
            0.014,
            0.006,
            0.009,
            0.008,
            0.007,
            0.011,
            0.013,
            0.008,
            0.007
        ]
    },
    {
        "timestamp": 1713942001,
        "frequency": [
            1.0,
            2.0,
            14.0,
            15.0,
            16.0,
            17.0,
            20.0,
            21.0,
            28.0
        ],
        "magnitude": [
            0.01,
            0.009,
            0.007,
            0.011,
            0.008,
            0.028,
            0.006,
            0.012,
            0.006
        ]
    },
    {
        "timestamp": 1713942026,
        "frequency": [
            4.0,
            5.0,
            6.0,
            7.0,
            9.0,
            10.0,
            12.0,
            13.0,
            14.0,
            15.0,
            17.0,
            19.0,
            20.0,
            21.0,
            22.0,
            30.0,
            34.0
        ],
        "magnitude": [
            0.007,
            0.007,
            0.008,
            0.006,
            0.009,
            0.009,
            0.006,
            0.02,
            0.019,
            0.006,
            0.009,
            0.012,
            0.013,
            0.01,
            0.005,
            0.006,
            0.006
        ]
    },
    {
        "timestamp": 1713942073,
        "frequency": [
            1.0,
            12.0,
            14.0,
            15.0,
            16.0,
            17.0,
            18.0,
            21.0,
            24.0,
            25.0,
            29.0
        ],
        "magnitude": [
            0.017,
            0.005,
            0.005,
            0.013,
            0.012,
            0.007,
            0.007,
            0.007,
            0.006,
            0.005,
            0.006
        ]
    },
    {
        "timestamp": 1713942108,
        "frequency": [
            4.0,
            5.0,
            7.0,
            9.0,
            11.0,
            12.0,
            13.0,
            14.0,
            15.0,
            16.0,
            17.0,
            18.0,
            19.0,
            21.0
        ],
        "magnitude": [
            0.01,
            0.006,
            0.006,
            0.006,
            0.009,
            0.015,
            0.007,
            0.019,
            0.023,
            0.007,
            0.009,
            0.01,
            0.005,
            0.012
        ]
    },
    {
        "timestamp": 1713942123,
        "frequency": [
            1.0,
            2.0,
            5.0,
            8.0,
            9.0,
            12.0,
            15.0,
            16.0,
            17.0,
            19.0,
            21.0,
            24.0,
            25.0,
            28.0
        ],
        "magnitude": [
            0.007,
            0.006,
            0.012,
            0.008,
            0.008,
            0.007,
            0.008,
            0.013,
            0.005,
            0.007,
            0.01,
            0.007,
            0.006,
            0.006
        ]
    },
    {
        "timestamp": 1713942147,
        "frequency": [
            8.0,
            13.0,
            15.0,
            16.0
        ],
        "magnitude": [
            0.006,
            0.006,
            0.011,
            0.005
        ]
    },
    {
        "timestamp": 1713942172,
        "frequency": [
            29.0
        ],
        "magnitude": [
            0.017
        ]
    },
    {
        "timestamp": 1713942197,
        "frequency": [
            20.0,
            21.0,
            27.0
        ],
        "magnitude": [
            0.006,
            0.006,
            0.015
        ]
    },
    {
        "timestamp": 1713942232,
        "frequency": [
            1.0,
            3.0,
            6.0,
            7.0,
            11.0,
            12.0,
            17.0,
            18.0,
            19.0,
            20.0,
            21.0,
            25.0
        ],
        "magnitude": [
            0.018,
            0.006,
            0.017,
            0.007,
            0.01,
            0.008,
            0.013,
            0.016,
            0.018,
            0.008,
            0.011,
            0.006
        ]
    },
    {
        "timestamp": 1713942247,
        "frequency": [
            1.0,
            2.0,
            3.0,
            7.0,
            9.0,
            14.0,
            16.0,
            17.0,
            18.0,
            21.0,
            25.0,
            26.0
        ],
        "magnitude": [
            0.007,
            0.006,
            0.01,
            0.01,
            0.008,
            0.011,
            0.009,
            0.013,
            0.007,
            0.006,
            0.007,
            0.007
        ]
    },
    {
        "timestamp": 1713942272,
        "frequency": [
            6.0,
            7.0,
            9.0,
            12.0,
            14.0,
            15.0,
            16.0,
            17.0,
            18.0,
            19.0,
            20.0,
            25.0,
            33.0
        ],
        "magnitude": [
            0.006,
            0.006,
            0.009,
            0.009,
            0.007,
            0.016,
            0.008,
            0.008,
            0.02,
            0.009,
            0.011,
            0.006,
            0.006
        ]
    },
    {
        "timestamp": 1713942297,
        "frequency": [
            2.0,
            3.0,
            8.0,
            9.0,
            10.0,
            13.0,
            14.0,
            15.0,
            16.0,
            17.0,
            18.0,
            19.0,
            20.0,
            23.0,
            25.0,
            31.0
        ],
        "magnitude": [
            0.007,
            0.008,
            0.013,
            0.012,
            0.006,
            0.006,
            0.006,
            0.014,
            0.005,
            0.024,
            0.011,
            0.005,
            0.007,
            0.013,
            0.011,
            0.006
        ]
    },
    {
        "timestamp": 1713942322,
        "frequency": [
            2.0,
            3.0,
            6.0,
            7.0,
            8.0,
            9.0,
            14.0,
            16.0,
            17.0,
            18.0,
            19.0,
            20.0,
            21.0,
            68.0
        ],
        "magnitude": [
            0.007,
            0.006,
            0.006,
            0.006,
            0.007,
            0.007,
            0.006,
            0.007,
            0.008,
            0.008,
            0.008,
            0.01,
            0.006,
            0.01
        ]
    },
    {
        "timestamp": 1713942366,
        "frequency": [
            1.0,
            2.0,
            3.0,
            5.0,
            6.0,
            7.0,
            8.0,
            12.0,
            14.0,
            15.0,
            16.0,
            17.0,
            18.0,
            19.0,
            20.0,
            24.0,
            25.0
        ],
        "magnitude": [
            0.009,
            0.009,
            0.01,
            0.01,
            0.019,
            0.007,
            0.008,
            0.01,
            0.009,
            0.008,
            0.005,
            0.016,
            0.013,
            0.006,
            0.008,
            0.007,
            0.009
        ]
    },
    {
        "timestamp": 1713942374,
        "frequency": [
            3.0,
            4.0,
            5.0,
            7.0,
            8.0,
            9.0,
            10.0,
            12.0,
            13.0,
            14.0,
            15.0,
            18.0,
            19.0,
            20.0,
            21.0,
            22.0,
            23.0,
            24.0,
            25.0,
            26.0
        ],
        "magnitude": [
            0.01,
            0.007,
            0.01,
            0.006,
            0.007,
            0.015,
            0.011,
            0.009,
            0.011,
            0.013,
            0.007,
            0.007,
            0.01,
            0.005,
            0.01,
            0.009,
            0.012,
            0.008,
            0.011,
            0.011
        ]
    },
    {
        "timestamp": 1713942398,
        "frequency": [
            1.0,
            2.0,
            3.0,
            7.0,
            8.0,
            11.0,
            14.0,
            15.0,
            16.0,
            17.0,
            18.0,
            19.0,
            71.0
        ],
        "magnitude": [
            0.027,
            0.03,
            0.01,
            0.009,
            0.009,
            0.005,
            0.008,
            0.009,
            0.011,
            0.013,
            0.013,
            0.006,
            0.006
        ]
    },
    {
        "timestamp": 1713942423,
        "frequency": [
            1.0,
            2.0,
            10.0,
            12.0,
            13.0,
            15.0,
            16.0,
            19.0,
            20.0,
            21.0,
            22.0,
            26.0,
            27.0,
            28.0,
            29.0,
            30.0,
            32.0
        ],
        "magnitude": [
            0.016,
            0.005,
            0.005,
            0.005,
            0.006,
            0.009,
            0.016,
            0.008,
            0.013,
            0.008,
            0.006,
            0.006,
            0.005,
            0.012,
            0.007,
            0.009,
            0.008
        ]
    },
    {
        "timestamp": 1713942448,
        "frequency": [
            1.0,
            2.0,
            3.0,
            8.0,
            10.0,
            12.0,
            13.0,
            14.0,
            15.0,
            16.0,
            18.0,
            19.0,
            20.0,
            21.0
        ],
        "magnitude": [
            0.006,
            0.013,
            0.007,
            0.009,
            0.007,
            0.006,
            0.005,
            0.01,
            0.039,
            0.009,
            0.008,
            0.01,
            0.017,
            0.01
        ]
    },
    {
        "timestamp": 1713942483,
        "frequency": [
            3.0,
            10.0,
            11.0,
            12.0,
            14.0,
            15.0,
            16.0,
            17.0,
            18.0,
            19.0,
            21.0,
            23.0,
            24.0,
            94.0
        ],
        "magnitude": [
            0.008,
            0.005,
            0.007,
            0.008,
            0.018,
            0.019,
            0.008,
            0.036,
            0.007,
            0.006,
            0.005,
            0.012,
            0.007,
            0.006
        ]
    },
    {
        "timestamp": 1713942498,
        "frequency": [
            1.0,
            9.0,
            10.0,
            11.0,
            13.0,
            14.0,
            15.0,
            16.0,
            17.0,
            18.0,
            19.0,
            20.0,
            24.0,
            26.0,
            27.0,
            28.0,
            29.0,
            33.0,
            35.0,
            36.0,
            38.0,
            46.0
        ],
        "magnitude": [
            0.008,
            0.009,
            0.012,
            0.007,
            0.014,
            0.01,
            0.017,
            0.019,
            0.025,
            0.023,
            0.008,
            0.005,
            0.012,
            0.005,
            0.005,
            0.008,
            0.007,
            0.007,
            0.007,
            0.005,
            0.009,
            0.005
        ]
    },
    {
        "timestamp": 1713942522,
        "frequency": [
            2.0,
            3.0,
            5.0,
            9.0,
            10.0,
            11.0,
            12.0,
            13.0,
            14.0,
            15.0,
            17.0,
            19.0,
            20.0,
            21.0,
            24.0,
            25.0,
            34.0,
            35.0
        ],
        "magnitude": [
            0.008,
            0.007,
            0.005,
            0.007,
            0.009,
            0.011,
            0.014,
            0.01,
            0.013,
            0.014,
            0.013,
            0.016,
            0.014,
            0.007,
            0.006,
            0.011,
            0.007,
            0.006
        ]
    },
    {
        "timestamp": 1713942547,
        "frequency": [
            1.0,
            3.0,
            4.0,
            9.0,
            11.0,
            13.0,
            14.0,
            15.0,
            16.0,
            17.0,
            18.0,
            19.0,
            23.0,
            25.0,
            26.0,
            27.0,
            37.0,
            82.0
        ],
        "magnitude": [
            0.006,
            0.006,
            0.007,
            0.006,
            0.006,
            0.011,
            0.01,
            0.017,
            0.007,
            0.01,
            0.01,
            0.024,
            0.007,
            0.009,
            0.011,
            0.009,
            0.015,
            0.01
        ]
    },
    {
        "timestamp": 1713942572,
        "frequency": [
            1.0,
            2.0,
            3.0,
            8.0,
            11.0,
            15.0,
            17.0,
            18.0,
            19.0,
            25.0,
            33.0,
            95.0
        ],
        "magnitude": [
            0.011,
            0.012,
            0.011,
            0.007,
            0.006,
            0.011,
            0.016,
            0.007,
            0.008,
            0.007,
            0.01,
            0.008
        ]
    },
    {
        "timestamp": 1713942607,
        "frequency": [
            1.0,
            2.0,
            4.0,
            12.0,
            13.0,
            15.0,
            16.0,
            18.0,
            20.0,
            36.0
        ],
        "magnitude": [
            0.012,
            0.017,
            0.005,
            0.01,
            0.007,
            0.012,
            0.006,
            0.059,
            0.006,
            0.007
        ]
    },
    {
        "timestamp": 1713942623,
        "frequency": [
            1.0,
            2.0,
            3.0,
            4.0,
            5.0,
            10.0,
            11.0,
            13.0,
            14.0,
            15.0,
            16.0,
            17.0,
            18.0,
            19.0,
            20.0,
            22.0,
            24.0,
            25.0,
            26.0,
            28.0,
            30.0,
            31.0,
            32.0,
            34.0,
            35.0,
            41.0
        ],
        "magnitude": [
            0.01,
            0.009,
            0.017,
            0.008,
            0.011,
            0.015,
            0.007,
            0.006,
            0.007,
            0.017,
            0.006,
            0.012,
            0.006,
            0.02,
            0.012,
            0.006,
            0.007,
            0.018,
            0.007,
            0.006,
            0.006,
            0.007,
            0.008,
            0.006,
            0.007,
            0.006
        ]
    },
    {
        "timestamp": 1713942675,
        "frequency": [
            2.0,
            3.0,
            12.0,
            13.0,
            15.0,
            16.0,
            18.0,
            19.0,
            25.0,
            27.0,
            36.0,
            54.0
        ],
        "magnitude": [
            0.009,
            0.011,
            0.006,
            0.005,
            0.009,
            0.009,
            0.073,
            0.006,
            0.01,
            0.007,
            0.017,
            0.005
        ]
    },
    {
        "timestamp": 1713942693,
        "frequency": [
            2.0,
            3.0,
            13.0,
            15.0,
            16.0,
            17.0,
            19.0,
            20.0,
            23.0,
            25.0,
            26.0
        ],
        "magnitude": [
            0.006,
            0.012,
            0.009,
            0.015,
            0.006,
            0.007,
            0.059,
            0.007,
            0.006,
            0.005,
            0.009
        ]
    },
    {
        "timestamp": 1713942718,
        "frequency": [
            1.0,
            2.0,
            12.0,
            15.0,
            16.0,
            17.0,
            18.0,
            19.0,
            87.0
        ],
        "magnitude": [
            0.016,
            0.019,
            0.007,
            0.011,
            0.009,
            0.005,
            0.037,
            0.006,
            0.007
        ]
    },
    {
        "timestamp": 1713942744,
        "frequency": [
            1.0,
            2.0,
            9.0,
            10.0,
            11.0,
            12.0,
            13.0,
            16.0,
            17.0,
            18.0,
            19.0,
            20.0,
            21.0,
            22.0,
            24.0,
            25.0,
            26.0,
            27.0,
            30.0,
            31.0
        ],
        "magnitude": [
            0.005,
            0.013,
            0.017,
            0.024,
            0.013,
            0.016,
            0.007,
            0.007,
            0.009,
            0.008,
            0.011,
            0.009,
            0.016,
            0.009,
            0.007,
            0.007,
            0.007,
            0.007,
            0.012,
            0.009
        ]
    },
    {
        "timestamp": 1713942767,
        "frequency": [
            7.0,
            8.0,
            16.0,
            17.0,
            18.0,
            19.0,
            25.0,
            28.0
        ],
        "magnitude": [
            0.005,
            0.006,
            0.01,
            0.013,
            0.005,
            0.009,
            0.007,
            0.006
        ]
    },
    {
        "timestamp": 1713942796,
        "frequency": [
            5.0,
            6.0,
            7.0,
            11.0,
            12.0,
            13.0,
            14.0,
            15.0,
            16.0,
            17.0,
            18.0,
            20.0,
            22.0,
            23.0,
            25.0,
            32.0,
            33.0
        ],
        "magnitude": [
            0.008,
            0.017,
            0.011,
            0.019,
            0.013,
            0.012,
            0.009,
            0.007,
            0.03,
            0.005,
            0.007,
            0.006,
            0.007,
            0.011,
            0.008,
            0.005,
            0.006
        ]
    },
    {
        "timestamp": 1713942817,
        "frequency": [
            1.0,
            2.0,
            5.0,
            6.0,
            7.0,
            11.0,
            12.0,
            14.0,
            15.0,
            16.0,
            17.0,
            18.0,
            19.0,
            20.0,
            22.0,
            23.0,
            24.0,
            25.0,
            27.0,
            28.0,
            33.0
        ],
        "magnitude": [
            0.007,
            0.023,
            0.006,
            0.007,
            0.006,
            0.007,
            0.011,
            0.007,
            0.015,
            0.021,
            0.01,
            0.01,
            0.021,
            0.008,
            0.011,
            0.014,
            0.022,
            0.009,
            0.01,
            0.006,
            0.006
        ]
    },
    {
        "timestamp": 1713942842,
        "frequency": [
            1.0,
            2.0,
            5.0,
            6.0,
            11.0,
            13.0,
            14.0,
            15.0,
            16.0,
            20.0,
            23.0,
            25.0,
            26.0
        ],
        "magnitude": [
            0.005,
            0.009,
            0.007,
            0.008,
            0.006,
            0.008,
            0.008,
            0.006,
            0.008,
            0.014,
            0.007,
            0.006,
            0.007
        ]
    },
    {
        "timestamp": 1713942868,
        "frequency": [
            11.0,
            16.0,
            17.0,
            18.0,
            19.0,
            20.0,
            31.0,
            36.0
        ],
        "magnitude": [
            0.007,
            0.01,
            0.006,
            0.007,
            0.009,
            0.006,
            0.006,
            0.006
        ]
    },
    {
        "timestamp": 1713942892,
        "frequency": [
            4.0,
            5.0,
            6.0,
            7.0,
            8.0,
            9.0,
            15.0,
            16.0,
            17.0,
            18.0,
            20.0,
            32.0
        ],
        "magnitude": [
            0.005,
            0.009,
            0.013,
            0.007,
            0.01,
            0.008,
            0.005,
            0.012,
            0.008,
            0.014,
            0.006,
            0.007
        ]
    },
    {
        "timestamp": 1713942920,
        "frequency": [
            16.0,
            17.0,
            18.0,
            19.0
        ],
        "magnitude": [
            0.007,
            0.007,
            0.009,
            0.01
        ]
    },
    {
        "timestamp": 1713942983,
        "frequency": [
            2.0,
            4.0,
            7.0,
            8.0,
            12.0,
            15.0,
            16.0,
            18.0,
            19.0,
            20.0,
            21.0
        ],
        "magnitude": [
            0.01,
            0.006,
            0.009,
            0.009,
            0.006,
            0.013,
            0.022,
            0.009,
            0.014,
            0.007,
            0.008
        ]
    },
    {
        "timestamp": 1713942992,
        "frequency": [
            6.0,
            17.0,
            19.0,
            20.0,
            37.0,
            38.0,
            39.0,
            40.0,
            41.0
        ],
        "magnitude": [
            0.007,
            0.006,
            0.006,
            0.008,
            0.005,
            0.013,
            0.015,
            0.009,
            0.006
        ]
    },
    {
        "timestamp": 1713943017,
        "frequency": [
            2.0,
            16.0,
            17.0,
            18.0,
            19.0
        ],
        "magnitude": [
            0.005,
            0.01,
            0.01,
            0.017,
            0.009
        ]
    },
    {
        "timestamp": 1713943045,
        "frequency": [
            5.0,
            14.0,
            15.0,
            16.0,
            19.0,
            25.0
        ],
        "magnitude": [
            0.005,
            0.005,
            0.008,
            0.009,
            0.014,
            0.005
        ]
    },
    {
        "timestamp": 1713943067,
        "frequency": [
            1.0,
            2.0,
            3.0,
            9.0,
            11.0,
            12.0,
            14.0,
            15.0,
            16.0,
            17.0,
            18.0,
            19.0,
            20.0,
            21.0,
            40.0,
            41.0
        ],
        "magnitude": [
            0.007,
            0.005,
            0.008,
            0.006,
            0.008,
            0.011,
            0.009,
            0.04,
            0.006,
            0.015,
            0.009,
            0.011,
            0.017,
            0.01,
            0.011,
            0.008
        ]
    },
    {
        "timestamp": 1713943092,
        "frequency": [
            4.0,
            7.0,
            9.0,
            12.0,
            18.0
        ],
        "magnitude": [
            0.009,
            0.007,
            0.011,
            0.008,
            0.017
        ]
    },
    {
        "timestamp": 1713943117,
        "frequency": [
            1.0,
            2.0,
            3.0,
            9.0,
            10.0,
            11.0,
            13.0,
            15.0,
            17.0,
            18.0,
            19.0,
            20.0,
            22.0,
            23.0
        ],
        "magnitude": [
            0.005,
            0.006,
            0.006,
            0.005,
            0.008,
            0.011,
            0.012,
            0.008,
            0.01,
            0.016,
            0.014,
            0.014,
            0.006,
            0.007
        ]
    },
    {
        "timestamp": 1713943141,
        "frequency": [
            2.0,
            3.0,
            5.0,
            7.0,
            14.0,
            16.0,
            17.0,
            18.0,
            19.0,
            50.0
        ],
        "magnitude": [
            0.009,
            0.005,
            0.007,
            0.006,
            0.005,
            0.007,
            0.012,
            0.006,
            0.006,
            0.005
        ]
    },
    {
        "timestamp": 1713943170,
        "frequency": [
            6.0,
            9.0,
            10.0,
            15.0,
            16.0,
            17.0,
            18.0,
            20.0,
            21.0,
            29.0
        ],
        "magnitude": [
            0.009,
            0.005,
            0.008,
            0.012,
            0.009,
            0.01,
            0.02,
            0.005,
            0.008,
            0.006
        ]
    },
    {
        "timestamp": 1713943191,
        "frequency": [
            6.0,
            11.0,
            14.0,
            15.0,
            16.0,
            17.0,
            19.0,
            20.0,
            22.0,
            23.0
        ],
        "magnitude": [
            0.007,
            0.006,
            0.006,
            0.022,
            0.031,
            0.011,
            0.006,
            0.006,
            0.006,
            0.007
        ]
    },
    {
        "timestamp": 1713943216,
        "frequency": [
            1.0,
            2.0,
            11.0,
            12.0,
            17.0,
            18.0,
            23.0,
            30.0
        ],
        "magnitude": [
            0.012,
            0.007,
            0.005,
            0.006,
            0.011,
            0.009,
            0.005,
            0.006
        ]
    },
    {
        "timestamp": 1713943245,
        "frequency": [
            1.0,
            2.0,
            3.0,
            4.0,
            6.0,
            7.0,
            8.0,
            9.0,
            11.0,
            12.0,
            13.0,
            14.0,
            15.0,
            16.0,
            19.0,
            20.0,
            22.0,
            23.0,
            26.0,
            27.0,
            28.0
        ],
        "magnitude": [
            0.016,
            0.007,
            0.051,
            0.012,
            0.013,
            0.018,
            0.009,
            0.018,
            0.007,
            0.008,
            0.006,
            0.008,
            0.005,
            0.008,
            0.013,
            0.009,
            0.007,
            0.008,
            0.007,
            0.007,
            0.006
        ]
    },
    {
        "timestamp": 1713943313,
        "frequency": [
            2.0,
            3.0,
            4.0,
            5.0,
            6.0,
            8.0,
            9.0,
            10.0,
            12.0,
            14.0
        ],
        "magnitude": [
            0.125,
            0.016,
            0.07,
            0.022,
            0.045,
            0.027,
            0.006,
            0.019,
            0.011,
            0.006
        ]
    },
    {
        "timestamp": 1713943317,
        "frequency": [
            1.0,
            2.0,
            3.0,
            4.0,
            5.0,
            6.0,
            7.0,
            8.0,
            9.0,
            10.0,
            11.0,
            12.0,
            13.0,
            15.0,
            17.0
        ],
        "magnitude": [
            0.008,
            0.114,
            0.017,
            0.054,
            0.02,
            0.04,
            0.008,
            0.023,
            0.022,
            0.012,
            0.019,
            0.008,
            0.014,
            0.008,
            0.006
        ]
    },
    {
        "timestamp": 1713943342,
        "frequency": [
            1.0,
            2.0,
            3.0,
            4.0,
            5.0,
            7.0,
            8.0,
            9.0,
            10.0,
            11.0
        ],
        "magnitude": [
            0.044,
            0.027,
            0.009,
            0.008,
            0.006,
            0.007,
            0.012,
            0.016,
            0.009,
            0.006
        ]
    },
    {
        "timestamp": 1713943367,
        "frequency": [
            1.0,
            2.0,
            3.0,
            4.0,
            5.0,
            6.0,
            7.0,
            8.0,
            9.0,
            10.0,
            11.0,
            12.0,
            13.0,
            14.0,
            15.0,
            16.0,
            17.0,
            19.0
        ],
        "magnitude": [
            0.011,
            0.091,
            0.029,
            0.041,
            0.023,
            0.029,
            0.008,
            0.021,
            0.01,
            0.009,
            0.006,
            0.011,
            0.012,
            0.008,
            0.009,
            0.005,
            0.007,
            0.005
        ]
    },
    {
        "timestamp": 1713943392,
        "frequency": [
            1.0,
            2.0,
            3.0,
            4.0,
            5.0,
            6.0,
            7.0,
            8.0,
            9.0,
            10.0,
            11.0,
            13.0
        ],
        "magnitude": [
            0.015,
            0.066,
            0.005,
            0.012,
            0.011,
            0.008,
            0.01,
            0.014,
            0.013,
            0.011,
            0.009,
            0.005
        ]
    },
    {
        "timestamp": 1713943420,
        "frequency": [
            2.0,
            3.0,
            4.0,
            5.0,
            6.0,
            8.0,
            9.0,
            10.0,
            11.0,
            12.0
        ],
        "magnitude": [
            0.087,
            0.018,
            0.037,
            0.016,
            0.009,
            0.014,
            0.01,
            0.006,
            0.011,
            0.006
        ]
    },
    {
        "timestamp": 1713943466,
        "frequency": [
            1.0,
            2.0,
            3.0,
            4.0,
            5.0,
            6.0,
            7.0,
            8.0,
            9.0,
            10.0,
            11.0,
            13.0,
            14.0,
            15.0,
            17.0,
            18.0,
            19.0,
            22.0,
            23.0,
            25.0,
            27.0,
            29.0,
            31.0,
            34.0,
            35.0,
            36.0,
            37.0,
            39.0,
            40.0,
            41.0,
            43.0,
            44.0,
            45.0,
            46.0,
            49.0,
            51.0,
            55.0,
            58.0,
            59.0,
            60.0,
            61.0,
            62.0,
            63.0,
            64.0,
            65.0,
            66.0,
            67.0,
            68.0,
            69.0,
            70.0,
            71.0,
            72.0,
            73.0,
            74.0,
            75.0,
            77.0,
            78.0,
            79.0,
            80.0,
            81.0,
            82.0,
            88.0,
            89.0,
            90.0,
            91.0,
            92.0,
            93.0,
            94.0,
            95.0,
            96.0,
            97.0,
            98.0,
            99.0
        ],
        "magnitude": [
            0.051,
            0.024,
            0.011,
            0.016,
            0.014,
            0.02,
            0.007,
            0.012,
            0.01,
            0.016,
            0.006,
            0.012,
            0.008,
            0.007,
            0.011,
            0.007,
            0.01,
            0.006,
            0.011,
            0.01,
            0.008,
            0.008,
            0.014,
            0.006,
            0.006,
            0.005,
            0.009,
            0.005,
            0.011,
            0.007,
            0.008,
            0.007,
            0.006,
            0.005,
            0.009,
            0.007,
            0.005,
            0.006,
            0.011,
            0.015,
            0.008,
            0.01,
            0.005,
            0.008,
            0.013,
            0.016,
            0.01,
            0.016,
            0.016,
            0.008,
            0.008,
            0.014,
            0.016,
            0.015,
            0.009,
            0.008,
            0.01,
            0.007,
            0.008,
            0.008,
            0.007,
            0.007,
            0.014,
            0.013,
            0.009,
            0.008,
            0.009,
            0.016,
            0.013,
            0.012,
            0.016,
            0.018,
            0.01
        ]
    }
]