[
    {
        "timestamp": 1712934016,
        "index": [
            0,
            4,
            8,
            12,
            16,
            20,
            24,
            28,
            32,
            36,
            40,
            44,
            48,
            52,
            56,
            60,
            64,
            68,
            72,
            76,
            80,
            84,
            88,
            92,
            96,
            100,
            104,
            108,
            112,
            116,
            120,
            124,
            128,
            132,
            136,
            140,
            144,
            148,
            152,
            156,
            160,
            164,
            168,
            172,
            176,
            180,
            184,
            188,
            192,
            196,
            200,
            204,
            208,
            212,
            216,
            220,
            224,
            228,
            232,
            236,
            240,
            244,
            248,
            252,
            256,
            260,
            264,
            268,
            272
        ],
        "accelx": [
            -0.0977,
            1.1738,
            7.7891,
            0.9629,
            2.6504,
            7.9998,
            4.8926,
            3.8926,
            2.1953,
            -1.6406,
            1.1953,
            -0.582,
            -1.5938,
            0.4414,
            0.8008,
            -0.1172,
            -0.4531,
            0.4687,
            0.0273,
            -0.4609,
            0.3008,
            0.0977,
            0.127,
            0.0723,
            -0.0723,
            -0.0625,
            0.1113,
            0.0996,
            0.0742,
            0.0098,
            0.0762,
            0.0176,
            -0.0332,
            0.1113,
            0.0215,
            -0.0156,
            -0.0059,
            0.0254,
            0.0859,
            -0.0234,
            -0.0605,
            0.0625,
            0.0371,
            0.0117,
            -0.0449,
            -0.0254,
            0.0586,
            -0.002,
            -0.0234,
            0.0098,
            0.0215,
            -0.0039,
            -0.0449,
            0.0156,
            0.0605,
            0.0391,
            -0.0352,
            -0.0098,
            0.0469,
            0.0605,
            0.002,
            -0.0098,
            0.0273,
            0.041,
            0.0195,
            -0.0234,
            0.0254,
            0.0273,
            0.0
        ],
        "accely": [
            0.0645,
            2.8379,
            6.5547,
            0.8301,
            -2.457,
            -2.1289,
            0.0879,
            -1.4316,
            -0.0098,
            -2.4727,
            0.6621,
            -0.7227,
            0.3262,
            -0.1309,
            -0.0488,
            -0.0215,
            0.0645,
            -0.127,
            -0.1133,
            0.0078,
            -0.0156,
            0.0469,
            -0.0762,
            -0.0742,
            -0.0625,
            -0.0469,
            -0.0918,
            -0.0508,
            -0.0273,
            -0.1113,
            -0.0273,
            -0.0273,
            -0.0859,
            -0.0547,
            -0.0566,
            -0.0508,
            -0.0566,
            -0.0977,
            -0.0703,
            -0.0391,
            -0.0234,
            -0.0645,
            -0.0625,
            -0.0488,
            -0.0605,
            -0.0469,
            -0.0742,
            -0.0625,
            -0.0312,
            -0.0566,
            -0.0703,
            -0.0371,
            -0.0566,
            -0.0684,
            -0.0684,
            -0.0605,
            -0.0254,
            -0.0371,
            -0.0762,
            -0.0762,
            -0.0508,
            -0.041,
            -0.0625,
            -0.0703,
            -0.0762,
            -0.0469,
            -0.0469,
            -0.0684,
            -0.0645
        ],
        "accelz": [
            0.0625,
            -2.8437,
            -3.7422,
            7.9998,
            0.832,
            5.6289,
            1.0313,
            4.0293,
            3.877,
            0.6582,
            4.5977,
            1.7676,
            -1.5449,
            1.2266,
            1.332,
            0.4902,
            0.4668,
            1.5039,
            0.8184,
            0.3613,
            1.0078,
            0.832,
            1.2383,
            1.1484,
            0.9102,
            0.8164,
            1.0078,
            1.0293,
            1.1152,
            1.0117,
            0.9863,
            1.0215,
            0.9141,
            0.998,
            1.0254,
            0.9629,
            0.9609,
            0.9785,
            1.0059,
            0.9688,
            0.9063,
            1.0156,
            1.0078,
            0.9902,
            0.9414,
            0.918,
            1.0234,
            0.9766,
            0.9531,
            0.9609,
            0.9766,
            0.9824,
            0.9531,
            0.9648,
            0.9922,
            0.998,
            0.9473,
            0.9453,
            0.9961,
            1.0215,
            0.9922,
            0.9453,
            0.9688,
            0.998,
            1.002,
            0.9707,
            0.9688,
            0.9844,
            0.9785
        ]
    },
    {
        "timestamp": 1712934272,
        "index": [
            0,
            4,
            8,
            12,
            16,
            20,
            24,
            28,
            32,
            36,
            40,
            44,
            48,
            52,
            56,
            60,
            64,
            68,
            72,
            76,
            80,
            84,
            88,
            92,
            96,
            100,
            104,
            108,
            112,
            116,
            120,
            124,
            128,
            132,
            136,
            140,
            144,
            148,
            152,
            156,
            160,
            164,
            168,
            172,
            176,
            180,
            184,
            188,
            192,
            196,
            200,
            204,
            208,
            212,
            216,
            220,
            224,
            228,
            232,
            236,
            240,
            244,
            248,
            252,
            256,
            260,
            264,
            268,
            272,
            276,
            280,
            284
        ],
        "accelx": [
            -0.8613,
            -2.7773,
            5.0332,
            -8.0,
            -8.0,
            -0.6914,
            5.0879,
            -1.9121,
            3.2344,
            1.9707,
            1.0156,
            0.4141,
            -1.6504,
            -1.623,
            0.1465,
            -0.6914,
            -0.0859,
            0.8496,
            -0.0293,
            -0.0039,
            1.0098,
            0.9727,
            -0.0488,
            0.3008,
            0.0645,
            0.0762,
            -0.1816,
            0.0293,
            -0.1055,
            -0.041,
            0.1465,
            0.1055,
            -0.1055,
            0.1543,
            0.0,
            0.0078,
            0.0547,
            -0.0879,
            0.1074,
            0.0332,
            0.0195,
            0.041,
            0.0195,
            0.0254,
            0.041,
            0.0039,
            0.043,
            0.0723,
            0.0078,
            -0.0039,
            0.0137,
            0.0625,
            -0.0234,
            0.0,
            0.002,
            -0.002,
            0.0273,
            0.0195,
            0.0,
            0.0215,
            -0.0078,
            -0.0117,
            0.0332,
            0.0195,
            0.0195,
            -0.0137,
            -0.0098,
            0.0352,
            0.0371,
            0.0195,
            -0.0059,
            -0.0117
        ],
        "accely": [
            0.0371,
            -3.541,
            6.4258,
            -2.6953,
            5.002,
            3.5176,
            0.332,
            -1.4121,
            2.1348,
            -0.0078,
            -1.2266,
            -0.9961,
            2.2168,
            1.2988,
            1.4141,
            -0.0605,
            -0.332,
            0.6367,
            -0.0957,
            -0.1543,
            -0.1875,
            0.0449,
            0.041,
            -0.1562,
            -0.0625,
            -0.0117,
            0.0156,
            -0.1035,
            -0.0742,
            -0.0488,
            -0.043,
            -0.1016,
            -0.0723,
            -0.0332,
            -0.1016,
            -0.0664,
            0.0156,
            -0.0234,
            -0.0508,
            -0.0312,
            -0.0566,
            -0.084,
            -0.0352,
            -0.0488,
            -0.0605,
            -0.043,
            -0.0547,
            -0.082,
            -0.0098,
            -0.0469,
            -0.0937,
            -0.0586,
            -0.0488,
            -0.0352,
            -0.0273,
            -0.0469,
            -0.082,
            -0.0312,
            -0.043,
            -0.0742,
            -0.0488,
            -0.0352,
            -0.0547,
            -0.0449,
            -0.041,
            -0.0625,
            -0.0449,
            -0.0508,
            -0.0566,
            -0.0312,
            -0.0254,
            -0.0488
        ],
        "accelz": [
            0.123,
            -8.0,
            -4.918,
            7.9998,
            4.6426,
            -2.9043,
            1.5664,
            1.0586,
            -1.8086,
            5.4082,
            3.8711,
            3.7871,
            -5.5215,
            -3.0078,
            0.9258,
            1.875,
            1.3945,
            0.2148,
            0.9141,
            1.6113,
            1.2227,
            1.7148,
            0.5273,
            1.0313,
            1.0605,
            1.1133,
            0.7031,
            1.123,
            1.0176,
            0.9082,
            1.1133,
            1.1582,
            0.9316,
            1.0586,
            1.0801,
            0.9922,
            1.0078,
            0.957,
            1.041,
            0.9902,
            0.9609,
            1.0352,
            0.9629,
            0.9824,
            1.0059,
            0.9863,
            1.0176,
            1.0215,
            0.8809,
            0.9512,
            0.9746,
            1.0117,
            0.9766,
            0.957,
            0.9746,
            0.9453,
            0.9922,
            0.9551,
            0.9512,
            0.9844,
            0.9707,
            0.9688,
            1.0195,
            0.9805,
            0.9727,
            0.9648,
            0.9414,
            0.9941,
            1.0078,
            1.0117,
            0.9805,
            0.9551
        ]
    },
    {
        "timestamp": 1712944896,
        "index": [
            0,
            4,
            8,
            12,
            16,
            20,
            24,
            28,
            32,
            36,
            40,
            44,
            48,
            52,
            56,
            60,
            64,
            68,
            72,
            76,
            80,
            84,
            88,
            92,
            96,
            100,
            104,
            108,
            112,
            116,
            120,
            124,
            128,
            132,
            136,
            140,
            144,
            148,
            152,
            156,
            160,
            164,
            168,
            172,
            176,
            180,
            184,
            188,
            192,
            196,
            200,
            204,
            208,
            212,
            216,
            220,
            224,
            228,
            232,
            236,
            240
        ],
        "accelx": [
            0.4297,
            -1.0703,
            -3.25,
            -2.6582,
            1.7129,
            2.3926,
            -1.3984,
            -0.3594,
            -1.5723,
            1.4512,
            2.332,
            2.9707,
            1.7441,
            4.4375,
            1.8984,
            -0.0117,
            0.1211,
            -0.2695,
            -0.0625,
            0.0664,
            0.1836,
            -0.2441,
            -0.0449,
            -0.1523,
            0.0977,
            0.0059,
            -0.0254,
            0.1562,
            -0.1445,
            0.0937,
            0.0254,
            -0.0625,
            0.0645,
            -0.0527,
            0.043,
            0.0312,
            -0.0684,
            0.0098,
            -0.0312,
            -0.0156,
            0.0469,
            -0.041,
            -0.0059,
            -0.002,
            -0.0371,
            0.0488,
            0.0098,
            0.0039,
            -0.0117,
            -0.0469,
            0.0508,
            0.0508,
            0.0078,
            0.002,
            -0.0254,
            0.0352,
            0.0547,
            -0.002,
            0.0332,
            0.0059,
            0.0137
        ],
        "accely": [
            0.0664,
            -2.4863,
            -1.916,
            -2.0918,
            1.0352,
            -0.123,
            -0.3516,
            0.1465,
            -0.3301,
            1.3691,
            -4.3594,
            1.4453,
            0.6914,
            0.2383,
            1.5078,
            -0.0234,
            0.0977,
            -0.1621,
            -0.0039,
            -0.166,
            0.0742,
            -0.0898,
            -0.0312,
            -0.0566,
            -0.0605,
            -0.0586,
            -0.0391,
            0.0,
            -0.1348,
            -0.1016,
            -0.0195,
            0.0234,
            0.0,
            -0.0937,
            -0.0937,
            -0.0469,
            0.0098,
            -0.0195,
            -0.082,
            -0.0371,
            -0.0137,
            -0.0449,
            -0.0801,
            -0.0449,
            -0.0293,
            -0.0449,
            -0.0742,
            -0.0723,
            -0.0176,
            -0.0352,
            -0.0801,
            -0.0898,
            -0.0371,
            -0.0332,
            -0.041,
            -0.0684,
            -0.0664,
            -0.0469,
            -0.0684,
            -0.0781,
            -0.043
        ],
        "accelz": [
            -0.4375,
            7.7227,
            -0.6309,
            -3.8477,
            -3.0742,
            2.7617,
            1.3477,
            0.6445,
            -4.0117,
            -3.1816,
            7.502,
            0.9609,
            1.5957,
            4.5059,
            0.791,
            1.0957,
            0.7266,
            0.8223,
            0.8301,
            1.0703,
            1.1465,
            0.7422,
            0.9297,
            0.8164,
            0.998,
            0.959,
            0.9414,
            1.0547,
            0.8438,
            0.9551,
            1.0352,
            0.9277,
            1.0332,
            0.9004,
            0.9453,
            0.9922,
            0.8926,
            0.9922,
            0.9883,
            0.9414,
            0.9824,
            0.9531,
            0.9609,
            1.0137,
            0.9219,
            0.9746,
            0.9805,
            0.9688,
            1.0,
            0.9375,
            0.9824,
            0.9824,
            0.9902,
            1.0137,
            0.9648,
            0.9707,
            0.9824,
            0.9688,
            1.0215,
            0.9824,
            0.9531
        ]
    },
    {
        "timestamp": 1712945152,
        "index": [
            0,
            4,
            8,
            12,
            16,
            20,
            24,
            28,
            32,
            36,
            40,
            44,
            48,
            52,
            56,
            60,
            64,
            68,
            72,
            76,
            80,
            84,
            88,
            92,
            96,
            100,
            104,
            108,
            112,
            116,
            120,
            124,
            128,
            132,
            136,
            140,
            144,
            148,
            152,
            156,
            160,
            164,
            168,
            172,
            176,
            180,
            184,
            188,
            192,
            196,
            200
        ],
        "accelx": [
            -0.6699,
            7.9998,
            -8.0,
            -6.2559,
            -8.0,
            -0.3535,
            1.6445,
            -2.3242,
            -0.9961,
            -1.1797,
            5.4355,
            2.8281,
            -1.9023,
            -2.1367,
            -0.4492,
            -0.8848,
            -0.3223,
            -1.2363,
            0.4277,
            0.5566,
            -0.3437,
            0.3516,
            -0.5098,
            0.0742,
            0.2832,
            0.082,
            -0.2129,
            0.4238,
            0.1094,
            -0.3301,
            0.25,
            0.1074,
            0.1465,
            0.0059,
            -0.043,
            0.2656,
            0.0879,
            -0.1074,
            0.1367,
            0.0762,
            -0.0273,
            0.0996,
            -0.1055,
            -0.0332,
            0.0879,
            0.0449,
            0.0566,
            -0.0566,
            -0.0937,
            0.0625,
            0.0449
        ],
        "accely": [
            -0.7246,
            3.1973,
            4.8184,
            0.4902,
            -2.2324,
            2.5098,
            1.2168,
            1.1816,
            -0.375,
            0.1914,
            -3.7949,
            2.8965,
            1.9414,
            0.166,
            -1.6406,
            -0.2734,
            -0.3633,
            0.1953,
            -0.1543,
            -0.2109,
            -0.0977,
            -0.0898,
            -0.1875,
            0.1855,
            -0.0371,
            -0.209,
            0.0469,
            0.0039,
            -0.2148,
            -0.0234,
            -0.0137,
            -0.0879,
            -0.1133,
            -0.0449,
            -0.0645,
            -0.0781,
            -0.0566,
            -0.0449,
            -0.0254,
            -0.0879,
            -0.0781,
            -0.0312,
            0.0273,
            0.0117,
            -0.0957,
            -0.0723,
            -0.0391,
            -0.002,
            -0.0117,
            -0.0703,
            -0.0625
        ],
        "accelz": [
            -0.291,
            7.9998,
            -7.2227,
            -0.7969,
            -4.3008,
            -8.0,
            -1.2754,
            -3.248,
            0.7852,
            -0.7129,
            7.9998,
            -1.7656,
            -4.4883,
            -1.1641,
            4.6543,
            1.834,
            1.627,
            -0.9063,
            1.2461,
            1.2207,
            0.7109,
            0.9824,
            0.9336,
            0.5586,
            1.3262,
            0.793,
            0.8535,
            1.2168,
            0.9531,
            0.707,
            0.9824,
            1.0078,
            1.1543,
            0.9727,
            0.9023,
            1.1348,
            0.9453,
            0.8984,
            0.998,
            1.0469,
            0.9863,
            0.9863,
            0.9102,
            0.8965,
            1.0352,
            1.0039,
            0.9961,
            0.9277,
            0.8926,
            1.0391,
            1.0098
        ]
    },
    {
        "timestamp": 1712945408,
        "index": [
            0,
            4,
            8,
            12,
            16,
            20,
            24,
            28,
            32,
            36,
            40,
            44,
            48,
            52,
            56,
            60,
            64,
            68,
            72,
            76,
            80,
            84,
            88,
            92,
            96,
            100,
            104,
            108,
            112,
            116,
            120,
            124,
            128,
            132,
            136,
            140,
            144,
            148,
            152,
            156,
            160,
            164,
            168,
            172,
            176,
            180,
            184,
            188
        ],
        "accelx": [
            0.3008,
            3.8984,
            -8.0,
            7.9998,
            1.2871,
            0.8086,
            5.3594,
            -0.6504,
            -3.0645,
            2.7109,
            2.043,
            -1.5547,
            1.1504,
            1.4941,
            -2.0703,
            -8.0,
            -1.9961,
            -1.3984,
            0.5234,
            -1.2754,
            0.6855,
            -0.8906,
            -0.2637,
            -0.0195,
            -0.6914,
            0.2012,
            -0.0098,
            -0.5566,
            0.3242,
            0.2344,
            -0.1855,
            -0.0469,
            0.1875,
            -0.2832,
            0.0605,
            0.0742,
            0.0117,
            0.0195,
            -0.0957,
            0.1133,
            -0.043,
            0.0488,
            -0.0137,
            0.0156,
            -0.041,
            -0.0117,
            0.0312,
            0.0059
        ],
        "accely": [
            0.4512,
            -8.0,
            7.9998,
            -7.0918,
            -1.6699,
            -1.5664,
            0.3613,
            -0.0234,
            -0.5918,
            0.0957,
            -1.1836,
            -0.1582,
            -1.7852,
            -0.002,
            -2.6719,
            4.873,
            -1.3184,
            -0.1914,
            -0.6973,
            -0.3926,
            -0.291,
            -0.1406,
            -0.0859,
            -0.043,
            0.3516,
            0.4531,
            -0.0703,
            -0.3008,
            -0.1387,
            -0.0664,
            0.0234,
            0.0117,
            -0.1797,
            -0.1191,
            0.0137,
            0.0293,
            -0.0684,
            -0.0684,
            -0.043,
            0.0293,
            0.0156,
            -0.0586,
            -0.0723,
            -0.0098,
            0.0234,
            -0.0078,
            -0.0684,
            -0.0352
        ],
        "accelz": [
            -1.0137,
            5.8672,
            -5.957,
            7.9998,
            7.9998,
            2.5801,
            3.7637,
            2.6426,
            0.8125,
            0.7754,
            5.2227,
            0.9121,
            2.7852,
            0.0859,
            7.9998,
            -6.707,
            0.7852,
            -1.4082,
            2.6758,
            0.6914,
            0.7539,
            1.7148,
            0.8984,
            1.5703,
            0.7871,
            0.8027,
            1.0176,
            0.7187,
            1.1016,
            0.8086,
            0.668,
            1.1367,
            1.1367,
            0.9609,
            0.8066,
            0.998,
            1.0586,
            0.9395,
            0.8984,
            0.9824,
            1.002,
            1.0156,
            1.002,
            0.9434,
            0.916,
            0.916,
            1.0352,
            1.0586
        ]
    },
    {
        "timestamp": 1712945408,
        "index": [
            0,
            4,
            8,
            12,
            16,
            20,
            24,
            28,
            32,
            36,
            40,
            44,
            48,
            52,
            56,
            60,
            64,
            68,
            72,
            76,
            80,
            84,
            88,
            92,
            96,
            100,
            104,
            108,
            112,
            116,
            120,
            124,
            128,
            132,
            136,
            140,
            144,
            148,
            152,
            156,
            160
        ],
        "accelx": [
            -0.082,
            7.9998,
            -8.0,
            -6.9707,
            5.0801,
            0.8086,
            2.8496,
            0.0098,
            -1.9551,
            -0.9063,
            4.2422,
            -2.2773,
            -1.9355,
            1.25,
            0.7773,
            -0.1367,
            0.2676,
            -0.1738,
            0.0508,
            0.0859,
            -0.3887,
            -0.6328,
            -0.3262,
            -0.1191,
            -0.0078,
            0.0898,
            0.0547,
            0.0449,
            0.0488,
            0.0527,
            -0.0937,
            0.1309,
            0.0586,
            0.0039,
            -0.0664,
            0.0625,
            0.0156,
            0.0156,
            -0.0137,
            -0.0605,
            0.0703
        ],
        "accely": [
            -0.4355,
            0.0078,
            -6.2344,
            -2.2246,
            2.3516,
            -0.1152,
            1.9316,
            -1.2188,
            -1.7012,
            0.0605,
            -0.459,
            0.668,
            -0.3926,
            0.8691,
            1.6895,
            0.4316,
            -0.332,
            -0.1719,
            -0.1699,
            0.2441,
            -0.3867,
            -0.0234,
            -0.2109,
            -0.1289,
            -0.0195,
            -0.0332,
            -0.0234,
            -0.1016,
            -0.1387,
            0.0391,
            0.0059,
            -0.043,
            -0.0566,
            -0.1016,
            0.0703,
            0.0254,
            -0.0957,
            -0.0898,
            0.0176,
            -0.0391,
            -0.041
        ],
        "accelz": [
            2.6309,
            -1.3691,
            0.6504,
            -7.0254,
            -1.502,
            -2.9082,
            -1.7832,
            0.9023,
            1.7188,
            0.4043,
            4.3145,
            2.8984,
            -4.1895,
            -1.877,
            0.6992,
            0.2734,
            2.5137,
            1.5645,
            1.0195,
            0.1602,
            1.2637,
            1.0449,
            1.1582,
            1.0078,
            0.8574,
            1.1328,
            0.9277,
            1.0508,
            1.0879,
            0.8926,
            0.9609,
            1.0352,
            0.9707,
            1.0664,
            0.9063,
            0.9297,
            1.0586,
            1.0352,
            0.9063,
            1.0059,
            1.0273
        ]
    },
    {
        "timestamp": 1712945408,
        "index": [
            0,
            4,
            8,
            12,
            16,
            20,
            24,
            28,
            32,
            36,
            40,
            44,
            48,
            52,
            56,
            60,
            64,
            68,
            72,
            76,
            80,
            84,
            88,
            92,
            96,
            100,
            104,
            108,
            112,
            116,
            120,
            124,
            128,
            132,
            136,
            140,
            144,
            148,
            152,
            156,
            160,
            164,
            168,
            172,
            176,
            180,
            184,
            188
        ],
        "accelx": [
            -2.5996,
            -5.2227,
            1.8945,
            -0.1934,
            0.3613,
            -2.5254,
            1.8379,
            -2.4687,
            -3.7363,
            -0.5762,
            1.2227,
            -8.0,
            -8.0,
            7.3594,
            2.4805,
            1.541,
            -1.1973,
            -1.3535,
            1.0547,
            0.7656,
            -0.0273,
            0.2734,
            -0.3574,
            0.5254,
            0.002,
            0.1406,
            0.2422,
            -2.0,
            1.2539,
            -0.2441,
            -0.7559,
            0.1699,
            0.6504,
            0.7363,
            0.3496,
            0.6152,
            0.3379,
            0.4844,
            0.7656,
            0.2461,
            0.498,
            0.5117,
            0.5488,
            0.5117,
            0.5059,
            0.373,
            0.209,
            0.5117
        ],
        "accely": [
            -0.3691,
            -0.248,
            0.5273,
            0.0371,
            0.1348,
            -0.7891,
            -0.5176,
            -1.8652,
            -5.9043,
            -0.293,
            2.1621,
            -1.7656,
            -2.7676,
            3.3437,
            -1.9414,
            -0.3906,
            0.707,
            0.4961,
            1.1094,
            0.9102,
            0.8047,
            0.3652,
            0.2754,
            0.4297,
            0.2852,
            0.293,
            0.2891,
            4.0645,
            -0.0391,
            2.4004,
            1.5332,
            0.3965,
            1.3125,
            0.4941,
            0.8008,
            0.2363,
            0.2617,
            0.293,
            0.3301,
            0.1699,
            0.1016,
            0.2559,
            0.2207,
            0.2109,
            0.1934,
            0.1309,
            0.0039,
            -0.0098
        ],
        "accelz": [
            -2.6094,
            -4.2754,
            2.6387,
            -0.9688,
            0.8652,
            -2.2422,
            -2.8535,
            1.5781,
            7.9998,
            -4.6523,
            -1.623,
            -6.2324,
            -7.6387,
            -4.9609,
            6.7891,
            5.4883,
            1.5117,
            2.8164,
            2.8672,
            2.1621,
            1.373,
            0.916,
            0.959,
            1.1172,
            0.6738,
            1.0508,
            0.8633,
            1.8164,
            1.3926,
            2.6777,
            -2.2148,
            0.6367,
            -0.375,
            0.6387,
            0.2246,
            0.6074,
            0.3711,
            0.6797,
            0.0898,
            0.3477,
            0.4062,
            0.1484,
            0.1016,
            0.1211,
            -0.0039,
            0.0195,
            -0.002,
            -0.002
        ]
    },
    {
        "timestamp": 1712945408,
        "index": [
            0,
            4,
            8,
            12,
            16,
            20,
            24,
            28,
            32,
            36,
            40,
            44,
            48,
            52,
            56,
            60,
            64,
            68,
            72,
            76,
            80,
            84,
            88,
            92,
            96,
            100,
            104,
            108,
            112,
            116,
            120,
            124,
            128,
            132,
            136,
            140,
            144,
            148,
            152,
            156
        ],
        "accelx": [
            0.3867,
            6.957,
            -3.1855,
            -4.5586,
            -4.0273,
            -0.377,
            0.3086,
            -1.9453,
            -0.3711,
            -5.0469,
            -1.3789,
            0.5352,
            -0.4141,
            -0.2207,
            -0.9688,
            -0.3672,
            -0.2812,
            -0.2031,
            -0.1914,
            -0.1562,
            -0.1055,
            -0.0469,
            0.0098,
            0.0996,
            0.1309,
            0.1836,
            0.1777,
            0.1797,
            0.1973,
            0.2266,
            0.1816,
            0.1738,
            0.1992,
            0.1562,
            0.1562,
            0.1836,
            0.168,
            0.1699,
            0.1816,
            0.1543
        ],
        "accely": [
            -0.6973,
            -8.0,
            -0.3984,
            0.1758,
            1.0195,
            0.5977,
            -0.2422,
            -1.3027,
            0.9922,
            -2.1992,
            -0.4766,
            0.5469,
            0.2637,
            0.1836,
            0.2012,
            0.0723,
            0.0586,
            0.0723,
            0.1504,
            0.2109,
            0.2695,
            0.2754,
            0.2969,
            0.3105,
            0.3145,
            0.2812,
            0.2734,
            0.2754,
            0.2695,
            0.2539,
            0.1973,
            0.2012,
            0.1875,
            0.1816,
            0.1719,
            0.1602,
            0.1602,
            0.1523,
            0.1445,
            0.1465
        ],
        "accelz": [
            0.5352,
            1.7461,
            2.4375,
            0.9551,
            -4.1328,
            -0.5176,
            0.7227,
            4.1914,
            3.2617,
            0.4961,
            1.5039,
            1.5352,
            0.9043,
            1.6094,
            1.4414,
            1.709,
            1.7461,
            1.6504,
            1.5977,
            1.5293,
            1.459,
            1.4004,
            1.2793,
            1.1992,
            1.0469,
            0.916,
            0.9023,
            0.8398,
            0.8125,
            0.7891,
            0.7617,
            0.7031,
            0.6992,
            0.6699,
            0.6348,
            0.6035,
            0.6055,
            0.5664,
            0.5488,
            0.5156
        ]
    },
    {
        "timestamp": 1712945408,
        "index": [
            0,
            4,
            8,
            12,
            16,
            20,
            24,
            28,
            32,
            36,
            40,
            44,
            48,
            52,
            56,
            60,
            64,
            68,
            72,
            76,
            80,
            84,
            88,
            92,
            96,
            100,
            104,
            108,
            112,
            116,
            120,
            124,
            128,
            132,
            136,
            140,
            144,
            148,
            152,
            156,
            160,
            164,
            168,
            172,
            176,
            180,
            184,
            188,
            192,
            196,
            200,
            204,
            208,
            212,
            216,
            220,
            224,
            228,
            232,
            236,
            240,
            244,
            248,
            252,
            256,
            260,
            264,
            268,
            272,
            276
        ],
        "accelx": [
            2.875,
            0.1855,
            3.293,
            7.3887,
            1.0449,
            0.3887,
            -1.4316,
            -1.3711,
            0.5098,
            -0.1855,
            -0.1562,
            -0.2871,
            -0.3984,
            -0.3574,
            -0.2617,
            -0.2715,
            -0.2695,
            -0.2227,
            -0.127,
            -0.1133,
            -0.0742,
            -0.082,
            -0.0586,
            -0.0293,
            -0.0137,
            -0.0391,
            -0.002,
            0.0,
            0.0156,
            0.0312,
            0.0391,
            1.4375,
            0.832,
            -0.043,
            0.543,
            0.5156,
            0.6699,
            5.793,
            0.7363,
            2.1172,
            -2.1621,
            -1.4531,
            0.0508,
            0.5879,
            -0.4687,
            0.0254,
            -0.0742,
            -0.0684,
            -0.0703,
            -0.1172,
            -0.0801,
            -0.0918,
            -0.1055,
            -0.0469,
            -0.0312,
            0.002,
            0.041,
            0.0215,
            0.0508,
            0.0723,
            0.0625,
            0.084,
            0.0937,
            0.1074,
            0.1152,
            0.1328,
            0.1289,
            0.1309,
            0.166,
            0.1758
        ],
        "accely": [
            1.3047,
            1.418,
            1.3984,
            0.6172,
            -0.6465,
            0.1309,
            0.5996,
            0.375,
            0.6035,
            0.2676,
            0.0684,
            0.0996,
            0.1211,
            0.1035,
            0.0996,
            0.1152,
            0.1309,
            0.1602,
            0.1934,
            0.2383,
            0.2285,
            0.2148,
            0.1875,
            0.168,
            0.1387,
            0.125,
            0.1016,
            0.084,
            0.0625,
            0.0684,
            0.0566,
            -0.332,
            -0.959,
            0.3789,
            -0.0254,
            0.0996,
            0.0117,
            -8.0,
            -1.9766,
            -1.1289,
            -0.5586,
            0.3555,
            0.4219,
            0.2383,
            0.3027,
            0.1309,
            0.207,
            0.1543,
            0.1094,
            0.1484,
            0.1953,
            0.1875,
            0.1855,
            0.1562,
            0.123,
            0.0859,
            0.082,
            0.0605,
            0.0332,
            0.0234,
            0.0176,
            0.0176,
            0.0137,
            -0.0293,
            -0.0352,
            -0.0488,
            -0.0547,
            -0.0625,
            -0.0762,
            -0.0937
        ],
        "accelz": [
            -2.7969,
            6.5293,
            -2.6953,
            1.0098,
            3.8047,
            3.1582,
            -1.125,
            0.0,
            1.3066,
            1.6367,
            1.7266,
            1.7559,
            1.6621,
            1.7578,
            1.8008,
            1.7129,
            1.5938,
            1.457,
            1.3848,
            1.1992,
            0.998,
            0.9297,
            0.8848,
            0.8379,
            0.752,
            0.6641,
            0.6309,
            0.5195,
            0.4687,
            0.3652,
            0.2871,
            1.7246,
            1.627,
            -0.7812,
            1.0176,
            0.791,
            1.3027,
            0.3379,
            7.9998,
            5.1113,
            2.4629,
            -0.5137,
            1.1836,
            2.5234,
            1.4473,
            1.6602,
            1.6875,
            1.8047,
            1.8008,
            1.7129,
            1.6133,
            1.5273,
            1.3926,
            1.293,
            1.1582,
            1.0293,
            0.9746,
            0.9863,
            0.9063,
            0.8828,
            0.8477,
            0.8066,
            0.7676,
            0.7285,
            0.707,
            0.6797,
            0.6523,
            0.6289,
            0.5781,
            0.5547
        ]
    },
    {
        "timestamp": 1712954112,
        "index": [
            0,
            4,
            8,
            12,
            16,
            20,
            24,
            28,
            32,
            36,
            40,
            44,
            48,
            52,
            56,
            60,
            64
        ],
        "accelx": [
            0.0,
            0.0039,
            0.0078,
            -0.0059,
            0.0059,
            0.0059,
            -0.002,
            0.002,
            0.0078,
            0.0059,
            0.002,
            0.0059,
            0.0059,
            0.0039,
            0.0039,
            0.002,
            0.002
        ],
        "accely": [
            -0.0254,
            -0.0312,
            -0.0195,
            -0.0215,
            -0.0195,
            -0.0234,
            -0.0254,
            -0.0195,
            -0.0254,
            -0.0176,
            -0.0254,
            -0.0176,
            -0.0234,
            -0.0195,
            -0.0254,
            -0.0215,
            -0.0195
        ],
        "accelz": [
            0.9805,
            7.9998,
            0.9766,
            0.9844,
            0.9766,
            0.9746,
            0.9805,
            0.9785,
            0.9766,
            0.9785,
            0.9824,
            0.9746,
            0.9766,
            0.9766,
            0.9766,
            0.9746,
            0.9785
        ]
    }
]