[
    {
        "timestamp": 1715274368,
        "index": [
            0,
            5,
            10,
            15,
            20,
            25,
            30,
            35,
            40,
            45,
            50,
            55,
            60,
            65,
            70,
            75,
            80,
            85,
            90,
            95,
            100,
            105,
            110,
            115,
            120,
            125,
            130,
            135,
            140,
            145,
            150,
            155,
            160,
            165,
            170,
            175,
            180,
            185,
            190,
            195,
            200,
            205,
            210,
            215,
            220,
            225,
            230,
            235,
            240,
            245,
            250,
            255,
            260,
            265,
            270,
            275,
            280,
            285,
            290,
            295,
            300,
            305,
            310,
            315,
            320,
            325,
            330
        ],
        "accelx": [
            -0.0862,
            0.0642,
            -0.2991,
            0.0513,
            -1.4514,
            1.6348,
            1.3721,
            0.6482,
            0.7786,
            0.4014,
            0.1416,
            0.0662,
            0.0554,
            0.0525,
            0.0969,
            0.1716,
            0.2869,
            0.2405,
            0.104,
            -0.0669,
            -0.1948,
            -0.176,
            -0.1543,
            -0.3953,
            -1.8169,
            -0.5974,
            0.7742,
            1.103,
            0.1272,
            0.0847,
            0.1519,
            0.2554,
            0.1277,
            -0.0283,
            -0.1929,
            -0.2874,
            -0.2693,
            -0.3289,
            -0.6108,
            -0.4175,
            0.1731,
            0.2725,
            0.0996,
            0.0979,
            -0.0942,
            -0.3276,
            -0.2529,
            -0.1362,
            -0.051,
            0.0254,
            -0.0305,
            -0.175,
            -0.1895,
            -0.2014,
            -0.0464,
            0.0527,
            0.0483,
            0.0049,
            -0.0522,
            -0.0479,
            -0.032,
            -0.0278,
            -0.0137,
            -0.0071,
            -0.0269,
            -0.0247,
            -0.031
        ],
        "accely": [
            0.7632,
            -2.3933,
            0.0193,
            0.3789,
            -4.3308,
            0.5059,
            -0.4609,
            0.05,
            0.1794,
            0.3694,
            0.3528,
            0.1216,
            0.0771,
            -0.0488,
            0.0364,
            0.052,
            0.2632,
            0.2686,
            0.3499,
            0.4744,
            0.636,
            0.5388,
            0.3591,
            0.281,
            -0.2361,
            -0.135,
            -0.665,
            -0.3948,
            0.0906,
            0.0515,
            0.093,
            0.196,
            0.2581,
            0.2842,
            0.4299,
            0.3767,
            0.1731,
            -0.0129,
            -0.1816,
            -0.1868,
            -0.4104,
            -0.1123,
            0.1128,
            0.1982,
            0.3662,
            0.2847,
            -0.002,
            -0.0955,
            -0.1553,
            -0.1868,
            -0.1282,
            0.0698,
            0.1165,
            0.1335,
            -0.0332,
            -0.1682,
            -0.1938,
            -0.0486,
            -0.0139,
            -0.0061,
            -0.0276,
            -0.0359,
            -0.063,
            -0.0759,
            -0.0647,
            -0.0537,
            -0.0376
        ],
        "accelz": [
            0.9963,
            5.5959,
            1.843,
            1.0989,
            7.9998,
            1.2959,
            1.6921,
            0.417,
            0.781,
            -0.4097,
            -0.6394,
            -0.3032,
            -0.1499,
            0.2175,
            -0.04,
            0.0625,
            -0.3823,
            -0.2185,
            0.0117,
            0.6484,
            0.8611,
            0.7515,
            0.5757,
            1.4297,
            7.2659,
            4.6047,
            1.9827,
            1.4634,
            0.1646,
            0.0034,
            -0.0439,
            -0.1589,
            -0.094,
            0.3315,
            0.7083,
            1.0071,
            0.9832,
            1.2542,
            2.4778,
            2.5986,
            1.8667,
            0.9014,
            0.1726,
            0.1682,
            0.6201,
            1.2026,
            1.0371,
            0.7834,
            0.9104,
            1.2998,
            1.553,
            1.134,
            0.8337,
            0.8274,
            0.9243,
            1.0056,
            1.0227,
            0.9746,
            0.9832,
            1.0256,
            1.0396,
            1.0103,
            0.9846,
            0.9717,
            0.9829,
            0.9966,
            1.0056
        ],
        "impact_id": 0
    },
    {
        "timestamp": 1715293312,
        "index": [
            0,
            5,
            10,
            15,
            20,
            25,
            30,
            35,
            40,
            45,
            50,
            55,
            60,
            65,
            70,
            75,
            80,
            85,
            90,
            95,
            100,
            105,
            110,
            115,
            120,
            125,
            130,
            135,
            140,
            145,
            150,
            155
        ],
        "accelx": [
            0.0679,
            -2.613,
            -0.0371,
            0.053,
            2.0989,
            0.0615,
            1.4541,
            -0.3833,
            -0.1865,
            0.1899,
            -0.0725,
            -0.2097,
            0.1106,
            0.1492,
            0.0588,
            -0.1267,
            0.0022,
            -0.0002,
            -0.0525,
            -0.0378,
            -0.0173,
            -0.0183,
            -0.0229,
            -0.0244,
            -0.0273,
            -0.0264,
            -0.0222,
            -0.0222,
            -0.0261,
            -0.0303,
            -0.0254,
            -0.022
        ],
        "accely": [
            -0.0503,
            -0.0549,
            -1.1453,
            0.0732,
            2.2815,
            -0.0234,
            -1.1541,
            0.2607,
            0.6106,
            -0.8528,
            -0.4453,
            0.5657,
            -0.009,
            -0.0464,
            -0.0706,
            -0.0691,
            0.0215,
            0.019,
            -0.0171,
            0.0017,
            -0.0229,
            -0.0352,
            -0.0159,
            -0.0183,
            -0.0134,
            -0.0205,
            -0.0193,
            -0.0144,
            -0.0183,
            -0.0164,
            -0.0161,
            -0.0173
        ],
        "accelz": [
            -0.0056,
            7.9998,
            3.408,
            0.7322,
            -4.7524,
            -0.6978,
            1.1404,
            0.4136,
            -0.5913,
            2.1069,
            2.0066,
            -1.3083,
            0.5884,
            1.2947,
            1.0933,
            0.8323,
            1.1399,
            0.9629,
            0.9258,
            0.9873,
            0.9792,
            1.0432,
            1.0056,
            1.0073,
            1.0071,
            1.0024,
            1.0068,
            1.0034,
            1.002,
            1.002,
            1.0024,
            1.0039
        ],
        "impact_id": 1
    },
    {
        "timestamp": 1715293696,
        "index": [
            0,
            5,
            10,
            15,
            20,
            25,
            30,
            35,
            40,
            45,
            50,
            55,
            60,
            65,
            70,
            75,
            80,
            85,
            90,
            95,
            100,
            105,
            110,
            115,
            120,
            125,
            130,
            135,
            140
        ],
        "accelx": [
            0.1099,
            1.0527,
            0.6372,
            0.5586,
            -0.0603,
            0.3533,
            -0.4451,
            -0.5063,
            -0.5525,
            -0.2083,
            -0.1628,
            -0.1106,
            -0.0889,
            -0.0044,
            -0.0349,
            -0.0208,
            -0.0408,
            -0.0369,
            -0.0217,
            -0.0198,
            -0.0178,
            -0.03,
            -0.0125,
            -0.0198,
            -0.0146,
            -0.0217,
            -0.0159,
            -0.0168,
            -0.0205
        ],
        "accely": [
            -0.0264,
            -1.1125,
            -1.8857,
            -0.5476,
            0.2075,
            -0.0105,
            -1.5298,
            -0.1204,
            -0.1372,
            0.2573,
            -0.0657,
            -0.179,
            -0.0571,
            -0.0786,
            -0.1018,
            -0.0513,
            -0.0342,
            -0.0339,
            -0.0288,
            -0.0295,
            -0.0378,
            -0.0276,
            -0.0317,
            -0.0315,
            -0.0337,
            -0.0305,
            -0.0305,
            -0.0291,
            -0.0361
        ],
        "accelz": [
            0.8264,
            7.9998,
            6.894,
            2.9158,
            -0.1121,
            -0.1707,
            3.8821,
            0.428,
            1.6924,
            0.2144,
            1.1309,
            1.4597,
            1.1047,
            1.1223,
            1.0715,
            1.0669,
            1.0347,
            1.0256,
            0.9941,
            0.9875,
            1.0071,
            0.9902,
            1.0105,
            0.9998,
            1.0205,
            1.0071,
            1.0181,
            1.0098,
            1.0154
        ],
        "impact_id": 2
    },
    {
        "timestamp": 1715335552,
        "index": [
            0,
            5,
            10,
            15,
            20,
            25,
            30,
            35,
            40,
            45,
            50,
            55,
            60,
            65,
            70,
            75,
            80,
            85,
            90,
            95,
            100,
            105,
            110,
            115,
            120,
            125,
            130,
            135,
            140,
            145,
            150,
            155,
            160,
            165,
            170,
            175,
            180,
            185,
            190,
            195,
            200,
            205,
            210
        ],
        "accelx": [
            -1.3057,
            4.6694,
            -0.657,
            3.3879,
            -0.7378,
            0.9102,
            0.4331,
            -0.4204,
            -0.0884,
            -0.084,
            0.2002,
            0.103,
            -0.0393,
            0.2385,
            -1.1328,
            0.0352,
            0.147,
            0.002,
            0.0217,
            0.032,
            -0.0635,
            -0.0698,
            0.0964,
            0.0337,
            0.0662,
            0.0283,
            0.0981,
            -0.1086,
            0.1016,
            0.0542,
            0.0801,
            -0.0349,
            -0.0049,
            0.0095,
            0.0005,
            -0.0007,
            -0.0198,
            -0.0232,
            -0.0186,
            -0.0291,
            -0.0518,
            -0.0151,
            -0.0166
        ],
        "accely": [
            1.7363,
            -3.1829,
            -1.4287,
            -3.522,
            1.5278,
            -0.3313,
            -0.2998,
            0.9263,
            -0.3977,
            -0.5891,
            -0.2532,
            0.1562,
            -0.1155,
            0.0176,
            2.2522,
            0.4312,
            0.8337,
            0.2881,
            0.0847,
            -0.4202,
            0.4482,
            0.0439,
            -0.0967,
            0.2671,
            -0.3608,
            0.0571,
            -0.054,
            0.1211,
            -0.0032,
            -0.0215,
            -0.0413,
            0.0754,
            0.0078,
            -0.0305,
            -0.0154,
            -0.0171,
            -0.0396,
            -0.0288,
            -0.0525,
            -0.0457,
            -0.0264,
            -0.0439,
            -0.0261
        ],
        "accelz": [
            -4.1084,
            6.9492,
            -1.0667,
            -3.126,
            2.54,
            2.3887,
            0.4341,
            1.5054,
            2.625,
            1.4695,
            0.5845,
            -1.4197,
            0.5769,
            -0.2466,
            7.9998,
            0.6421,
            -3.113,
            -1.7881,
            -0.8918,
            1.8345,
            2.7319,
            0.5652,
            0.4299,
            1.3743,
            1.4348,
            0.9189,
            0.5803,
            1.2324,
            0.8713,
            1.0637,
            0.9487,
            0.9839,
            1.0103,
            1.0415,
            0.9731,
            1.0281,
            0.9739,
            0.9705,
            0.9788,
            0.9614,
            0.979,
            0.9885,
            0.9834
        ],
        "impact_id": 3
    },
    {
        "timestamp": 1715335552,
        "index": [
            0,
            5,
            10,
            15,
            20,
            25,
            30,
            35,
            40,
            45,
            50,
            55,
            60,
            65,
            70,
            75,
            80,
            85,
            90,
            95,
            100,
            105,
            110,
            115,
            120,
            125,
            130,
            135,
            140,
            145,
            150,
            155,
            160,
            165,
            170,
            175,
            180
        ],
        "accelx": [
            -0.1941,
            -0.7236,
            1.3999,
            -3.1736,
            0.3091,
            0.2415,
            -0.114,
            -0.0037,
            -0.1301,
            0.7791,
            0.51,
            0.0098,
            0.0576,
            -0.1018,
            -0.4407,
            0.0276,
            -0.1101,
            -0.0779,
            0.0242,
            -0.0127,
            -0.0017,
            0.1453,
            0.0762,
            0.0105,
            0.0264,
            -0.0049,
            -0.0071,
            -0.0063,
            -0.0198,
            -0.0071,
            -0.0442,
            -0.0464,
            0.0305,
            -0.0146,
            -0.0413,
            -0.0059,
            -0.0276
        ],
        "accely": [
            2.0005,
            -0.5032,
            -2.7554,
            0.0125,
            -2.292,
            -0.51,
            -1.0735,
            -0.2378,
            0.0371,
            -0.144,
            -0.1716,
            0.3733,
            0.6877,
            0.0164,
            0.0303,
            -0.0891,
            0.1743,
            0.0352,
            -0.1033,
            -0.0391,
            -0.0198,
            -0.1284,
            -0.001,
            -0.0044,
            0.0125,
            0.0115,
            0.0178,
            -0.0137,
            -0.0088,
            -0.0227,
            -0.03,
            0.053,
            -0.0908,
            -0.0378,
            -0.0222,
            -0.0818,
            -0.0071
        ],
        "accelz": [
            -1.2083,
            7.8354,
            -0.3569,
            7.688,
            7.9998,
            2.1018,
            4.9285,
            0.3638,
            0.2134,
            5.0583,
            2.1982,
            -0.7393,
            -2.3674,
            1.3252,
            1.0171,
            0.2698,
            0.6926,
            0.9128,
            0.8669,
            1.2253,
            0.8325,
            1.2195,
            0.915,
            1.0706,
            1.0251,
            0.9749,
            1.0161,
            0.9749,
            0.9895,
            0.9744,
            0.8787,
            0.988,
            1.0415,
            1.0105,
            1.0554,
            0.9214,
            1.0276
        ],
        "impact_id": 4
    },
    {
        "timestamp": 1715335808,
        "index": [
            0,
            5,
            10,
            15,
            20,
            25,
            30,
            35,
            40,
            45,
            50,
            55,
            60,
            65,
            70,
            75,
            80,
            85,
            90,
            95,
            100,
            105,
            110,
            115,
            120,
            125,
            130,
            135,
            140,
            145,
            150,
            155,
            160,
            165,
            170,
            175,
            180,
            185,
            190,
            195,
            200,
            205,
            210,
            215
        ],
        "accelx": [
            0.0034,
            -1.0833,
            -0.7197,
            0.1582,
            0.0867,
            0.3269,
            0.0391,
            0.5339,
            -0.0105,
            1.9563,
            -0.2361,
            0.1506,
            -0.0225,
            0.2319,
            0.0334,
            -0.0127,
            0.0906,
            0.0076,
            0.0444,
            0.0366,
            -0.0605,
            0.0166,
            -0.0435,
            -0.0376,
            -0.0063,
            -0.0603,
            -0.0154,
            -0.0266,
            0.0085,
            -0.0068,
            -0.0322,
            -0.0024,
            -0.0283,
            -0.032,
            -0.0308,
            -0.0208,
            -0.0154,
            -0.0249,
            0.0063,
            0.0015,
            -0.0037,
            0.0022,
            -0.0034,
            -0.0073
        ],
        "accely": [
            0.0334,
            -2.7029,
            -0.0813,
            -0.2854,
            -0.2229,
            1.0396,
            0.541,
            -1.2131,
            -0.2319,
            -0.8677,
            0.646,
            0.3677,
            0.2786,
            0.3628,
            0.1992,
            -0.0007,
            -0.1003,
            0.0486,
            0.2576,
            -0.0208,
            -0.0093,
            -0.126,
            -0.0547,
            -0.0635,
            -0.0769,
            -0.0361,
            -0.085,
            -0.0374,
            -0.0408,
            -0.0354,
            -0.0229,
            -0.0396,
            -0.0278,
            -0.0229,
            -0.0383,
            -0.0369,
            -0.042,
            -0.0315,
            -0.0425,
            -0.0359,
            -0.0352,
            -0.033,
            -0.0344,
            -0.0408
        ],
        "accelz": [
            0.2847,
            6.771,
            1.4939,
            0.627,
            2.1143,
            -1.9729,
            -1.2695,
            3.2764,
            1.6211,
            7.9998,
            -1.3142,
            -0.0061,
            0.7095,
            1.1611,
            0.1616,
            1.4888,
            1.8999,
            0.4077,
            0.9534,
            0.8442,
            0.7422,
            1.2214,
            0.8201,
            1.1172,
            1.031,
            0.9033,
            1.1792,
            0.999,
            1.127,
            1.092,
            0.9885,
            1.0569,
            0.9153,
            0.999,
            0.937,
            0.895,
            0.9609,
            0.9153,
            0.9944,
            0.9685,
            1.0137,
            1.0266,
            0.9817,
            1.0244
        ],
        "impact_id": 5
    },
    {
        "timestamp": 1715349376,
        "index": [
            0,
            5,
            10,
            15,
            20,
            25,
            30,
            35,
            40,
            45,
            50,
            55,
            60,
            65,
            70,
            75,
            80,
            85,
            90,
            95,
            100,
            105,
            110,
            115,
            120,
            125,
            130,
            135,
            140,
            145,
            150,
            155,
            160,
            165,
            170,
            175,
            180,
            185,
            190,
            195,
            200,
            205,
            210,
            215,
            220,
            225,
            230,
            235,
            240,
            245,
            250,
            255,
            260,
            265,
            270,
            275,
            280,
            285,
            290,
            295,
            300,
            305,
            310,
            315,
            320,
            325,
            330,
            335,
            340,
            345,
            350,
            355,
            360
        ],
        "accelx": [
            -1.208,
            1.1111,
            0.876,
            0.5918,
            0.2021,
            0.1194,
            0.3655,
            0.3647,
            0.2244,
            0.0786,
            0.0388,
            0.1519,
            0.0601,
            0.0481,
            0.1484,
            0.2241,
            0.2258,
            0.2913,
            0.3723,
            0.377,
            0.323,
            0.1772,
            0.3359,
            0.4543,
            0.6072,
            0.6638,
            0.6626,
            1.1909,
            0.3474,
            -0.1714,
            0.0061,
            -0.3367,
            -0.8779,
            -0.1909,
            -0.1624,
            -0.3984,
            -0.6655,
            -0.5776,
            -0.3196,
            -0.2007,
            -0.1958,
            -0.2686,
            -0.2932,
            -0.0942,
            0.4458,
            -0.0305,
            -0.8701,
            -0.4338,
            -0.1577,
            -0.0937,
            -0.1018,
            -0.1816,
            -0.2083,
            -0.1416,
            -0.2051,
            -0.3315,
            -0.3684,
            -0.1914,
            -0.0166,
            -0.021,
            0.0007,
            -0.0603,
            -0.1096,
            -0.1453,
            -0.1494,
            -0.1416,
            -0.125,
            -0.1116,
            -0.1042,
            -0.1021,
            -0.0969,
            -0.0933,
            -0.0852
        ],
        "accely": [
            0.3003,
            1.0833,
            1.406,
            0.8516,
            0.4946,
            0.2656,
            0.0969,
            0.0737,
            0.125,
            0.0667,
            -0.1396,
            -0.0278,
            0.2971,
            0.113,
            0.0112,
            -0.0281,
            0.0129,
            0.0457,
            0.1123,
            0.3677,
            0.4033,
            0.3779,
            0.1631,
            0.0486,
            -0.2593,
            -0.4072,
            -0.4126,
            -0.1089,
            -0.625,
            -0.4917,
            -0.1414,
            -0.3616,
            -0.03,
            0.019,
            -0.0161,
            -0.0273,
            -0.0129,
            -0.0337,
            -0.0261,
            -0.0117,
            -0.0002,
            0.0146,
            0.012,
            -0.0776,
            0.1335,
            0.1665,
            -0.4585,
            -0.3152,
            -0.106,
            -0.0427,
            -0.0691,
            -0.0947,
            -0.05,
            0.0664,
            0.0415,
            -0.0686,
            -0.2085,
            -0.2947,
            -0.1252,
            -0.0452,
            -0.0803,
            -0.0823,
            -0.0725,
            -0.0876,
            -0.0605,
            -0.0349,
            -0.041,
            -0.0479,
            -0.0701,
            -0.0854,
            -0.0984,
            -0.0952,
            -0.0862
        ],
        "accelz": [
            3.5178,
            5.1191,
            1.446,
            0.6174,
            1.054,
            1.1992,
            0.9265,
            0.8125,
            0.8914,
            1.0598,
            1.1736,
            0.6719,
            0.7185,
            0.9407,
            0.967,
            0.9692,
            1.031,
            0.9268,
            0.9001,
            1.0916,
            1.2285,
            1.343,
            1.2825,
            1.3684,
            1.79,
            1.7402,
            1.4861,
            -0.0269,
            -0.9714,
            -0.1355,
            0.2751,
            2.1477,
            2.9448,
            0.6482,
            0.5496,
            1.0544,
            1.6716,
            1.406,
            0.7908,
            0.511,
            0.5029,
            0.7068,
            0.9329,
            1.0212,
            0.9326,
            1.3223,
            2.6421,
            1.3679,
            0.6006,
            0.2312,
            0.4502,
            0.832,
            1.3137,
            1.1748,
            0.9363,
            0.9707,
            1.1118,
            1.0525,
            0.8887,
            0.9929,
            1.0459,
            1.0273,
            0.9646,
            0.9873,
            1.0122,
            0.9929,
            0.9658,
            0.9636,
            0.9958,
            1.0259,
            1.0161,
            1.0032,
            0.9998
        ],
        "impact_id": 6
    },
    {
        "timestamp": 1715350272,
        "index": [
            0,
            5,
            10,
            15,
            20,
            25,
            30,
            35,
            40,
            45,
            50,
            55,
            60,
            65,
            70,
            75,
            80,
            85,
            90,
            95,
            100,
            105,
            110,
            115,
            120,
            125,
            130,
            135,
            140,
            145,
            150,
            155,
            160,
            165,
            170,
            175,
            180,
            185
        ],
        "accelx": [
            -0.5046,
            -4.5342,
            -2.5032,
            -0.7126,
            -0.3682,
            -0.4583,
            -0.5015,
            -0.54,
            -0.6973,
            -0.7258,
            -0.7832,
            -0.771,
            -0.8716,
            -0.7087,
            -0.6296,
            -0.7651,
            -0.7834,
            -0.8159,
            -0.8887,
            -0.7773,
            -0.8279,
            -0.7471,
            -0.6875,
            -0.2546,
            -0.0872,
            -0.0029,
            -0.0122,
            -0.0383,
            -0.0496,
            -0.0054,
            0.0916,
            0.2258,
            0.2263,
            0.2429,
            0.2456,
            0.2527,
            0.2542,
            0.2607
        ],
        "accely": [
            0.0728,
            1.4902,
            1.5303,
            0.5508,
            0.1985,
            -0.0203,
            -0.1375,
            -0.2769,
            -0.3733,
            -0.4407,
            -0.2676,
            0.0356,
            0.1572,
            0.0071,
            -0.1772,
            -0.0901,
            -0.1272,
            -0.0024,
            -0.0767,
            -0.0444,
            -0.147,
            -0.0662,
            0.009,
            -0.0601,
            0.0212,
            0.0195,
            0.0105,
            -0.0051,
            -0.022,
            0.0088,
            -0.011,
            0.043,
            0.064,
            0.0398,
            0.0024,
            0.0154,
            0.0266,
            -0.0061
        ],
        "accelz": [
            0.8723,
            3.5349,
            2.0903,
            0.959,
            0.6436,
            0.458,
            0.4292,
            0.5566,
            0.8865,
            1.0808,
            1.1555,
            1.1411,
            1.2246,
            1.1855,
            1.1416,
            1.0769,
            0.9927,
            0.9087,
            0.9348,
            0.8772,
            0.9963,
            1.0105,
            0.8975,
            0.9348,
            1.0647,
            0.9854,
            0.9744,
            0.9551,
            1.0471,
            0.9519,
            0.9783,
            0.9646,
            0.9248,
            0.917,
            0.9705,
            1.001,
            0.97,
            0.9753
        ],
        "impact_id": 7
    },
    {
        "timestamp": 1715469952,
        "index": [
            0,
            5,
            10,
            15,
            20,
            25,
            30,
            35,
            40,
            45,
            50,
            55,
            60,
            65,
            70,
            75,
            80,
            85,
            90,
            95
        ],
        "accelx": [
            -0.1289,
            -2.3765,
            0.5554,
            0.1235,
            0.2964,
            0.3894,
            -0.0378,
            -0.1963,
            -0.198,
            0.1177,
            -0.1724,
            -0.1694,
            0.0681,
            -0.0933,
            -0.1372,
            -0.3003,
            -0.3367,
            0.0232,
            0.0654,
            -0.1155
        ],
        "accely": [
            -0.0671,
            5.0278,
            -1.0471,
            -0.1267,
            0.248,
            -0.7881,
            -0.8752,
            -0.8135,
            -0.6797,
            -0.7773,
            -0.6416,
            -0.2917,
            -0.2109,
            -0.1455,
            -0.0261,
            0.0688,
            0.1008,
            -0.0618,
            -0.0457,
            -0.0271
        ],
        "accelz": [
            1.0264,
            -1.3545,
            1.9653,
            1.9924,
            0.303,
            1.707,
            1.1741,
            1.3823,
            0.614,
            0.6001,
            0.6401,
            0.6934,
            0.8257,
            0.7859,
            0.9011,
            0.9009,
            1.1438,
            1.3167,
            1.3665,
            1.1531
        ],
        "impact_id": 8
    },
    {
        "timestamp": 1715469952,
        "index": [
            0,
            5,
            10,
            15,
            20,
            25,
            30,
            35,
            40,
            45,
            50,
            55,
            60,
            65,
            70,
            75,
            80,
            85,
            90,
            95,
            100,
            105,
            110,
            115,
            120,
            125,
            130,
            135,
            140,
            145,
            150,
            155,
            160,
            165,
            170,
            175,
            180,
            185,
            190,
            195,
            200,
            205,
            210,
            215,
            220,
            225,
            230
        ],
        "accelx": [
            -0.1289,
            -2.3765,
            0.5554,
            0.1235,
            0.2964,
            0.3894,
            -0.0378,
            -0.1963,
            -0.198,
            0.1177,
            -0.1724,
            -0.1694,
            0.0681,
            -0.0933,
            -0.1372,
            -0.3003,
            -0.3367,
            0.0232,
            0.0654,
            -0.1155,
            -0.0657,
            -0.0642,
            -0.1064,
            -0.072,
            -0.1143,
            -0.5588,
            -0.1372,
            0.0552,
            0.0593,
            -0.0557,
            0.0391,
            -0.0713,
            -0.0542,
            -0.0408,
            -0.1235,
            -0.1057,
            -0.2004,
            -0.1484,
            -0.1475,
            -0.1108,
            -0.0701,
            -0.1245,
            -0.1379,
            -0.127,
            -0.1316,
            -0.1001,
            -0.1069
        ],
        "accely": [
            -0.0671,
            5.0278,
            -1.0471,
            -0.1267,
            0.248,
            -0.7881,
            -0.8752,
            -0.8135,
            -0.6797,
            -0.7773,
            -0.6416,
            -0.2917,
            -0.2109,
            -0.1455,
            -0.0261,
            0.0688,
            0.1008,
            -0.0618,
            -0.0457,
            -0.0271,
            -0.1296,
            -0.0459,
            0.0974,
            -0.0454,
            -0.1819,
            0.0688,
            -0.0671,
            -0.1558,
            -0.2029,
            -0.0979,
            -0.2063,
            -0.1472,
            -0.1824,
            -0.2485,
            -0.2322,
            -0.1265,
            -0.0476,
            -0.012,
            0.0327,
            0.0764,
            0.0872,
            0.0037,
            -0.0833,
            -0.1233,
            -0.1035,
            -0.0776,
            -0.0732
        ],
        "accelz": [
            1.0264,
            -1.3545,
            1.9653,
            1.9924,
            0.303,
            1.707,
            1.1741,
            1.3823,
            0.614,
            0.6001,
            0.6401,
            0.6934,
            0.8257,
            0.7859,
            0.9011,
            0.9009,
            1.1438,
            1.3167,
            1.3665,
            1.1531,
            1.0459,
            1.0635,
            0.9927,
            0.959,
            0.9729,
            0.8755,
            0.7771,
            0.8118,
            1.0854,
            1.0273,
            1.2087,
            1.1914,
            0.9805,
            0.957,
            0.8706,
            0.8142,
            0.8562,
            1.0139,
            1.0864,
            1.0781,
            1.0249,
            1.0239,
            1.0378,
            1.0198,
            1.054,
            1.022,
            0.9858
        ],
        "impact_id": 9
    },
    {
        "timestamp": 1715472640,
        "index": [
            0,
            5,
            10,
            15,
            20,
            25,
            30,
            35,
            40,
            45,
            50,
            55,
            60,
            65,
            70,
            75,
            80,
            85,
            90,
            95,
            100,
            105,
            110,
            115,
            120
        ],
        "accelx": [
            -0.0449,
            0.2754,
            -0.0574,
            -0.2622,
            -0.4299,
            0.1985,
            -0.0493,
            0.0144,
            0.1296,
            0.1006,
            0.1536,
            0.1233,
            0.1179,
            -0.0833,
            0.0513,
            -0.0669,
            0.0156,
            -0.0261,
            -0.0134,
            -0.0259,
            -0.0217,
            -0.0139,
            -0.0271,
            -0.0142,
            -0.03
        ],
        "accely": [
            -0.1694,
            3.0242,
            -2.3389,
            0.4617,
            0.2253,
            -0.4895,
            -0.0669,
            0.0212,
            -0.095,
            -0.1187,
            -0.0452,
            -0.0283,
            -0.0391,
            0.0735,
            -0.0857,
            0.0132,
            -0.0125,
            -0.0066,
            -0.02,
            -0.0291,
            -0.0251,
            -0.03,
            -0.0132,
            -0.0312,
            -0.0286
        ],
        "accelz": [
            0.645,
            6.9705,
            7.9998,
            -1.8945,
            3.5381,
            3.9697,
            1.2761,
            3.2825,
            1.9919,
            1.9946,
            0.823,
            0.8022,
            0.9805,
            0.8845,
            1.0154,
            0.9705,
            0.9763,
            0.9224,
            1.0081,
            0.9702,
            0.9851,
            1.0505,
            1.0044,
            1.0007,
            0.988
        ],
        "impact_id": 10
    },
    {
        "timestamp": 1715532928,
        "index": [
            0,
            5,
            10,
            15,
            20,
            25,
            30,
            35,
            40,
            45,
            50,
            55,
            60,
            65,
            70,
            75,
            80,
            85,
            90,
            95,
            100,
            105,
            110,
            115,
            120,
            125,
            130,
            135,
            140,
            145,
            150,
            155,
            160,
            165,
            170,
            175,
            180,
            185,
            190,
            195,
            200,
            205
        ],
        "accelx": [
            1.886,
            0.1863,
            1.7266,
            -0.0879,
            0.3694,
            -0.4409,
            -0.0757,
            0.0339,
            0.0544,
            -0.1636,
            0.0212,
            0.9841,
            -2.9456,
            -0.1357,
            0.0386,
            -0.1318,
            -0.2278,
            0.0144,
            -0.1287,
            0.0256,
            -0.1174,
            -0.0176,
            -0.0208,
            -0.01,
            0.0422,
            -0.0647,
            0.0156,
            0.0093,
            -0.0178,
            -0.02,
            -0.0449,
            -0.0105,
            -0.0728,
            -0.0259,
            -0.0195,
            -0.0215,
            -0.0161,
            -0.0286,
            -0.0142,
            -0.0217,
            -0.0276,
            -0.0334
        ],
        "accely": [
            0.1914,
            0.6641,
            0.0186,
            -0.9175,
            -0.1111,
            0.4426,
            0.7561,
            0.5134,
            -0.271,
            -0.104,
            0.0955,
            -2.1377,
            -0.8101,
            -0.406,
            -0.6711,
            -0.5093,
            0.3616,
            -0.0066,
            0.3667,
            -0.0183,
            0.032,
            0.1162,
            0.002,
            -0.022,
            -0.1199,
            0.0208,
            -0.0681,
            -0.0767,
            -0.0435,
            -0.0229,
            -0.0239,
            -0.082,
            -0.0574,
            -0.0256,
            -0.0471,
            -0.0408,
            -0.0425,
            -0.0259,
            -0.0405,
            -0.042,
            -0.03,
            -0.0381
        ],
        "accelz": [
            -0.384,
            7.9998,
            -0.9963,
            -1.012,
            1.1096,
            -1.2429,
            -2.3279,
            -2.1411,
            1.4905,
            0.9092,
            0.0154,
            4.5972,
            7.9998,
            1.9106,
            2.0779,
            1.7976,
            1.0249,
            -0.2676,
            0.0491,
            -0.2449,
            0.2385,
            1.0222,
            0.677,
            1.0425,
            1.2017,
            0.8408,
            1.208,
            0.9143,
            1.0439,
            1.0623,
            0.9355,
            1.0315,
            0.8137,
            1.0559,
            1.0464,
            0.9675,
            1.0732,
            0.9719,
            1.0642,
            0.9607,
            1.0298,
            0.9983
        ],
        "impact_id": 11
    },
    {
        "timestamp": 1715582848,
        "index": [
            0,
            5,
            10,
            15,
            20,
            25,
            30,
            35,
            40,
            45,
            50,
            55,
            60,
            65,
            70,
            75,
            80
        ],
        "accelx": [
            -0.7483,
            -1.6519,
            -0.0354,
            -0.0383,
            -0.0352,
            -0.0339,
            -0.0356,
            -0.0347,
            -0.0359,
            -0.0371,
            -0.0369,
            -0.04,
            -0.0376,
            -0.0349,
            -0.0361,
            -0.0381,
            -0.0405
        ],
        "accely": [
            -0.9163,
            3.2354,
            -0.0227,
            -0.0276,
            -0.0249,
            -0.0254,
            -0.0239,
            -0.0286,
            -0.0225,
            -0.0237,
            -0.0242,
            -0.0276,
            -0.0242,
            -0.0283,
            -0.0249,
            -0.0251,
            -0.0259
        ],
        "accelz": [
            -1.9421,
            6.7537,
            1.0005,
            1.0005,
            1.0,
            1.0022,
            1.0024,
            1.0015,
            0.9995,
            1.0022,
            0.9988,
            0.9971,
            0.9954,
            0.9966,
            1.0034,
            0.9954,
            0.9993
        ],
        "impact_id": 12
    },
    {
        "timestamp": 1715584128,
        "index": [
            0,
            5,
            10,
            15,
            20,
            25,
            30,
            35,
            40,
            45,
            50,
            55,
            60,
            65,
            70,
            75,
            80,
            85,
            90,
            95,
            100,
            105,
            110,
            115,
            120,
            125,
            130,
            135,
            140,
            145,
            150,
            155,
            160,
            165,
            170,
            175,
            180,
            185,
            190,
            195,
            200,
            205,
            210,
            215,
            220,
            225,
            230,
            235,
            240,
            245,
            250,
            255,
            260,
            265,
            270,
            275,
            280,
            285,
            290,
            295,
            300,
            305,
            310,
            315,
            320,
            325,
            330,
            335,
            340,
            345,
            350,
            355,
            360,
            365,
            370,
            375,
            380,
            385,
            390,
            395,
            400,
            405
        ],
        "accelx": [
            -0.5435,
            1.2017,
            0.0544,
            -0.8428,
            -1.3445,
            -1.2429,
            -0.4231,
            -0.1541,
            -0.2737,
            -0.5127,
            -0.6887,
            -0.6865,
            -0.562,
            -0.5149,
            -0.5593,
            -0.6128,
            -0.6301,
            -0.6155,
            -0.5959,
            -0.5806,
            -0.5354,
            -0.4685,
            -0.4155,
            -0.3896,
            -0.4089,
            -0.4385,
            -0.4902,
            -0.542,
            -0.6001,
            -0.635,
            -0.6592,
            -0.6641,
            -0.6575,
            -0.6531,
            -0.6653,
            -0.676,
            -0.6814,
            -0.6567,
            -0.6155,
            -0.5466,
            -0.438,
            -0.3264,
            -0.2258,
            -0.1147,
            -0.0825,
            -0.1558,
            -0.262,
            -0.3599,
            -0.4338,
            -0.4807,
            -0.5034,
            -0.5359,
            -0.4858,
            -0.386,
            -0.3821,
            -0.3518,
            -0.3118,
            -0.3132,
            -0.3535,
            -0.4351,
            -0.5283,
            -0.6038,
            -0.6597,
            -0.7058,
            -0.731,
            -0.7383,
            -0.709,
            -0.6538,
            -0.582,
            -0.4988,
            -0.4338,
            -0.4084,
            -0.4014,
            -0.3955,
            -0.3628,
            -0.3335,
            -0.3328,
            -0.387,
            -0.4492,
            -0.4824,
            -0.4641,
            -0.4246
        ],
        "accely": [
            -0.145,
            0.406,
            0.5955,
            0.3638,
            0.1677,
            -0.1523,
            -0.2102,
            -0.1865,
            -0.2893,
            -0.2986,
            -0.4182,
            -0.407,
            -0.3665,
            -0.3154,
            -0.2739,
            -0.2053,
            -0.094,
            0.0208,
            0.1282,
            0.1704,
            0.1606,
            0.1045,
            0.0486,
            -0.0156,
            -0.0813,
            -0.1294,
            -0.1667,
            -0.1868,
            -0.2021,
            -0.2095,
            -0.2153,
            -0.2302,
            -0.2461,
            -0.2725,
            -0.292,
            -0.3123,
            -0.3381,
            -0.3491,
            -0.3569,
            -0.3613,
            -0.3965,
            -0.4292,
            -0.4434,
            -0.4531,
            -0.4639,
            -0.4604,
            -0.4473,
            -0.4207,
            -0.3806,
            -0.3284,
            -0.2659,
            -0.1963,
            -0.1294,
            -0.0901,
            -0.0269,
            0.0315,
            0.0659,
            0.0864,
            0.0852,
            0.0544,
            0.0181,
            -0.0422,
            -0.1045,
            -0.177,
            -0.2268,
            -0.2517,
            -0.2373,
            -0.1807,
            -0.0933,
            -0.0166,
            0.0405,
            0.0833,
            0.0911,
            0.0554,
            0.0017,
            -0.0728,
            -0.1499,
            -0.2056,
            -0.2349,
            -0.2327,
            -0.2017,
            -0.1499
        ],
        "accelz": [
            0.9707,
            6.5107,
            1.9907,
            1.2742,
            1.5537,
            0.5049,
            1.1589,
            0.6897,
            0.7993,
            1.0344,
            0.9827,
            0.748,
            0.8799,
            0.958,
            0.8931,
            0.8999,
            0.9106,
            0.9644,
            1.0186,
            1.1072,
            1.1985,
            1.2864,
            1.3501,
            1.3682,
            1.3679,
            1.3391,
            1.3035,
            1.2708,
            1.238,
            1.1833,
            1.116,
            1.0366,
            0.9673,
            0.8979,
            0.8628,
            0.813,
            0.7524,
            0.688,
            0.6199,
            0.5347,
            0.4556,
            0.4009,
            0.426,
            0.5632,
            0.7373,
            0.8706,
            0.9573,
            0.9875,
            0.9612,
            0.8767,
            0.7874,
            0.676,
            0.5803,
            0.5728,
            0.5918,
            0.6169,
            0.6646,
            0.6982,
            0.7073,
            0.6982,
            0.6899,
            0.7183,
            0.7954,
            0.8745,
            0.9355,
            0.9568,
            0.8999,
            0.761,
            0.6069,
            0.4651,
            0.3745,
            0.3359,
            0.335,
            0.3591,
            0.3975,
            0.4583,
            0.5359,
            0.5781,
            0.5732,
            0.5544,
            0.5288,
            0.5461
        ],
        "impact_id": 13
    }
]