[
    {
        "timestamp": 1715263488,
        "index": [
            0,
            5,
            10,
            15,
            20,
            25,
            30,
            35,
            40,
            45,
            50,
            55,
            60,
            65,
            70,
            75,
            80,
            85,
            90,
            95,
            100,
            105,
            110,
            115,
            120,
            125,
            130,
            135,
            140,
            145,
            150,
            155,
            160,
            165,
            170,
            175,
            180,
            185,
            190,
            195,
            200,
            205,
            210,
            215,
            220,
            225,
            230,
            235,
            240,
            245,
            250,
            255,
            260,
            265,
            270,
            275,
            280,
            285,
            290,
            295,
            300,
            305,
            310,
            315,
            320,
            325,
            330,
            335,
            340,
            345,
            350,
            355,
            360,
            365,
            370,
            375,
            380,
            385,
            390,
            395,
            400,
            405,
            410,
            415,
            420,
            425,
            430,
            435,
            440,
            445,
            450,
            455,
            460,
            465,
            470,
            475,
            480,
            485,
            490,
            495,
            500,
            505,
            510,
            515,
            520,
            525,
            530,
            535,
            540,
            545,
            550,
            555,
            560,
            565,
            570,
            575,
            580,
            585,
            590,
            595,
            600,
            605,
            610,
            615,
            620,
            625,
            630,
            635,
            640,
            645,
            650,
            655,
            660,
            665,
            670,
            675,
            680,
            685,
            690,
            695,
            700,
            705,
            710,
            715,
            720,
            725,
            730,
            735,
            740,
            745,
            750,
            755,
            760,
            765,
            770,
            775,
            780,
            785,
            790,
            795,
            800,
            805,
            810,
            815,
            820,
            825,
            830,
            835,
            840,
            845,
            850,
            855,
            860,
            865,
            870,
            875,
            880,
            885,
            890,
            895,
            900,
            905,
            910,
            915,
            920,
            925,
            930,
            935,
            940,
            945,
            950,
            955,
            960,
            965,
            970,
            975,
            980,
            985,
            990,
            995,
            1000,
            1005,
            1010,
            1015,
            1020,
            1025,
            1030,
            1035,
            1040,
            1045,
            1050,
            1055,
            1060,
            1065,
            1070,
            1075,
            1080,
            1085,
            1090,
            1095,
            1100,
            1105,
            1110,
            1115,
            1120,
            1125,
            1130,
            1135,
            1140,
            1145,
            1150,
            1155,
            1160,
            1165,
            1170,
            1175,
            1180,
            1185,
            1190,
            1195,
            1200,
            1205,
            1210,
            1215,
            1220,
            1225,
            1230,
            1235,
            1240,
            1245,
            1250,
            1255,
            1260,
            1265,
            1270,
            1275,
            1280,
            1285,
            1290,
            1295,
            1300,
            1305,
            1310,
            1315,
            1320,
            1325,
            1330,
            1335,
            1340,
            1345,
            1350,
            1355,
            1360,
            1365,
            1370,
            1375,
            1380,
            1385,
            1390,
            1395,
            1400,
            1405,
            1410,
            1415,
            1420,
            1425,
            1430,
            1435,
            1440,
            1445,
            1450,
            1455,
            1460,
            1465,
            1470,
            1475,
            1480,
            1485,
            1490,
            1495,
            1500,
            1505,
            1510,
            1515,
            1520,
            1525,
            1530,
            1535,
            1540,
            1545,
            1550,
            1555,
            1560,
            1565,
            1570,
            1575,
            1580,
            1585,
            1590,
            1595,
            1600,
            1605,
            1610,
            1615,
            1620,
            1625,
            1630,
            1635,
            1640,
            1645,
            1650,
            1655,
            1660,
            1665,
            1670,
            1675,
            1680,
            1685,
            1690,
            1695,
            1700,
            1705,
            1710,
            1715,
            1720,
            1725,
            1730,
            1735,
            1740,
            1745,
            1750,
            1755,
            1760,
            1765,
            1770,
            1775,
            1780,
            1785,
            1790,
            1795,
            1800,
            1805,
            1810,
            1815,
            1820,
            1825,
            1830,
            1835,
            1840,
            1845,
            1850,
            1855,
            1860,
            1865,
            1870,
            1875,
            1880,
            1885,
            1890,
            1895,
            1900,
            1905,
            1910,
            1915,
            1920,
            1925,
            1930,
            1935,
            1940,
            1945,
            1950,
            1955,
            1960,
            1965,
            1970,
            1975,
            1980,
            1985,
            1990,
            1995,
            2000,
            2005,
            2010,
            2015,
            2020,
            2025,
            2030,
            2035,
            2040,
            2045,
            2050,
            2055,
            2060,
            2065,
            2070,
            2075,
            2080,
            2085,
            2090,
            2095,
            2100,
            2105,
            2110,
            2115,
            2120,
            2125,
            2130,
            2135,
            2140,
            2145,
            2150,
            2155,
            2160,
            2165,
            2170,
            2175,
            2180,
            2185,
            2190,
            2195,
            2200,
            2205,
            2210,
            2215,
            2220,
            2225,
            2230,
            2235,
            2240,
            2245,
            2250,
            2255,
            2260,
            2265,
            2270,
            2275,
            2280,
            2285,
            2290,
            2295,
            2300,
            2305,
            2310,
            2315,
            2320,
            2325,
            2330,
            2335,
            2340,
            2345,
            2350,
            2355,
            2360,
            2365,
            2370,
            2375,
            2380,
            2385,
            2390,
            2395,
            2400,
            2405,
            2410,
            2415,
            2420,
            2425,
            2430,
            2435,
            2440,
            2445,
            2450,
            2455,
            2460,
            2465,
            2470,
            2475,
            2480,
            2485,
            2490,
            2495,
            2500,
            2505,
            2510,
            2515,
            2520,
            2525,
            2530,
            2535,
            2540,
            2545,
            2550,
            2555,
            2560,
            2565,
            2570,
            2575,
            2580,
            2585,
            2590,
            2595,
            2600,
            2605,
            2610,
            2615,
            2620,
            2625,
            2630,
            2635,
            2640,
            2645,
            2650,
            2655,
            2660,
            2665,
            2670,
            2675,
            2680,
            2685,
            2690,
            2695,
            2700,
            2705,
            2710,
            2715,
            2720,
            2725,
            2730,
            2735,
            2740,
            2745,
            2750,
            2755,
            2760,
            2765,
            2770,
            2775,
            2780,
            2785,
            2790,
            2795,
            2800,
            2805,
            2810,
            2815,
            2820,
            2825,
            2830,
            2835,
            2840,
            2845,
            2850,
            2855,
            2860,
            2865,
            2870,
            2875,
            2880,
            2885,
            2890,
            2895,
            2900,
            2905,
            2910,
            2915,
            2920,
            2925,
            2930,
            2935,
            2940,
            2945,
            2950,
            2955,
            2960,
            2965,
            2970,
            2975,
            2980,
            2985,
            2990,
            2995,
            3000,
            3005,
            3010,
            3015,
            3020,
            3025,
            3030,
            3035,
            3040,
            3045,
            3050,
            3055,
            3060,
            3065,
            3070,
            3075,
            3080,
            3085,
            3090,
            3095,
            3100,
            3105,
            3110,
            3115,
            3120,
            3125,
            3130,
            3135,
            3140,
            3145,
            3150,
            3155,
            3160,
            3165,
            3170,
            3175,
            3180,
            3185,
            3190,
            3195,
            3200,
            3205,
            3210,
            3215,
            3220,
            3225,
            3230,
            3235,
            3240,
            3245,
            3250,
            3255,
            3260,
            3265,
            3270,
            3275,
            3280,
            3285,
            3290,
            3295,
            3300,
            3305,
            3310,
            3315,
            3320,
            3325,
            3330,
            3335,
            3340,
            3345,
            3350,
            3355,
            3360,
            3365,
            3370,
            3375,
            3380,
            3385,
            3390,
            3395,
            3400,
            3405,
            3410,
            3415,
            3420,
            3425,
            3430,
            3435,
            3440,
            3445,
            3450,
            3455,
            3460,
            3465,
            3470,
            3475,
            3480,
            3485,
            3490,
            3495,
            3500,
            3505,
            3510,
            3515,
            3520,
            3525,
            3530,
            3535,
            3540,
            3545,
            3550,
            3555,
            3560,
            3565,
            3570,
            3575,
            3580,
            3585,
            3590,
            3595,
            3600,
            3605,
            3610,
            3615,
            3620,
            3625,
            3630,
            3635,
            3640,
            3645,
            3650,
            3655,
            3660,
            3665,
            3670,
            3675,
            3680,
            3685,
            3690,
            3695,
            3700,
            3705,
            3710,
            3715,
            3720,
            3725,
            3730,
            3735,
            3740,
            3745,
            3750,
            3755,
            3760,
            3765,
            3770,
            3775,
            3780,
            3785,
            3790,
            3795,
            3800,
            3805,
            3810,
            3815,
            3820,
            3825,
            3830,
            3835,
            3840,
            3845,
            3850,
            3855,
            3860,
            3865,
            3870,
            3875,
            3880,
            3885,
            3890,
            3895,
            3900,
            3905,
            3910,
            3915,
            3920,
            3925,
            3930,
            3935,
            3940,
            3945,
            3950,
            3955,
            3960,
            3965,
            3970,
            3975,
            3980,
            3985,
            3990,
            3995,
            4000,
            4005,
            4010,
            4015,
            4020,
            4025,
            4030,
            4035,
            4040,
            4045,
            4050,
            4055,
            4060,
            4065,
            4070,
            4075,
            4080,
            4085,
            4090,
            4095,
            4100,
            4105,
            4110,
            4115,
            4120,
            4125,
            4130,
            4135,
            4140,
            4145,
            4150,
            4155,
            4160,
            4165,
            4170,
            4175,
            4180,
            4185,
            4190,
            4195,
            4200,
            4205,
            4210,
            4215,
            4220,
            4225,
            4230,
            4235,
            4240,
            4245,
            4250,
            4255,
            4260,
            4265,
            4270,
            4275,
            4280,
            4285,
            4290,
            4295,
            4300,
            4305,
            4310,
            4315,
            4320,
            4325,
            4330,
            4335,
            4340,
            4345,
            4350,
            4355,
            4360,
            4365,
            4370,
            4375,
            4380,
            4385,
            4390,
            4395,
            4400,
            4405,
            4410,
            4415,
            4420,
            4425,
            4430,
            4435,
            4440,
            4445,
            4450,
            4455,
            4460,
            4465,
            4470,
            4475,
            4480,
            4485,
            4490,
            4495,
            4500,
            4505,
            4510,
            4515,
            4520,
            4525,
            4530,
            4535,
            4540,
            4545,
            4550,
            4555,
            4560,
            4565,
            4570,
            4575,
            4580,
            4585,
            4590,
            4595,
            4600,
            4605,
            4610,
            4615,
            4620,
            4625,
            4630,
            4635,
            4640,
            4645,
            4650,
            4655,
            4660,
            4665,
            4670,
            4675,
            4680,
            4685,
            4690,
            4695,
            4700,
            4705,
            4710,
            4715,
            4720,
            4725,
            4730,
            4735,
            4740,
            4745,
            4750,
            4755,
            4760,
            4765,
            4770,
            4775,
            4780,
            4785,
            4790,
            4795,
            4800,
            4805,
            4810,
            4815,
            4820,
            4825,
            4830,
            4835,
            4840,
            4845,
            4850,
            4855,
            4860,
            4865,
            4870,
            4875,
            4880,
            4885,
            4890,
            4895,
            4900,
            4905,
            4910,
            4915,
            4920,
            4925,
            4930,
            4935,
            4940,
            4945,
            4950,
            4955,
            4960,
            4965,
            4970,
            4975,
            4980,
            4985,
            4990,
            4995,
            5000,
            5005,
            5010,
            5015,
            5020,
            5025,
            5030,
            5035,
            5040,
            5045,
            5050,
            5055,
            5060,
            5065,
            5070,
            5075,
            5080,
            5085,
            5090,
            5095,
            5100,
            5105,
            5110,
            5115,
            5120,
            5125,
            5130,
            5135,
            5140,
            5145,
            5150,
            5155,
            5160,
            5165,
            5170,
            5175,
            5180,
            5185,
            5190,
            5195,
            5200,
            5205,
            5210,
            5215,
            5220,
            5225,
            5230,
            5235,
            5240,
            5245,
            5250,
            5255,
            5260,
            5265,
            5270,
            5275,
            5280,
            5285,
            5290,
            5295,
            5300,
            5305,
            5310,
            5315,
            5320,
            5325,
            5330,
            5335,
            5340,
            5345,
            5350,
            5355,
            5360,
            5365,
            5370,
            5375,
            5380,
            5385,
            5390,
            5395,
            5400,
            5405,
            5410,
            5415,
            5420,
            5425,
            5430,
            5435,
            5440,
            5445,
            5450,
            5455,
            5460,
            5465,
            5470,
            5475,
            5480,
            5485,
            5490,
            5495,
            5500,
            5505,
            5510,
            5515,
            5520,
            5525,
            5530,
            5535,
            5540,
            5545,
            5550,
            5555,
            5560,
            5565,
            5570,
            5575,
            5580,
            5585,
            5590,
            5595,
            5600,
            5605,
            5610,
            5615,
            5620,
            5625,
            5630,
            5635,
            5640,
            5645,
            5650,
            5655,
            5660,
            5665,
            5670,
            5675,
            5680,
            5685,
            5690,
            5695,
            5700,
            5705,
            5710,
            5715,
            5720,
            5725,
            5730,
            5735,
            5740,
            5745,
            5750,
            5755,
            5760,
            5765,
            5770,
            5775,
            5780,
            5785,
            5790,
            5795,
            5800,
            5805,
            5810,
            5815,
            5820,
            5825
        ],
        "accelx": [
            -0.3689,
            -2.1699,
            -2.6064,
            -2.1816,
            0.302,
            -1.2871,
            -0.7107,
            -0.0195,
            -0.6665,
            -1.7551,
            0.2974,
            1.7539,
            -0.2205,
            -0.1541,
            1.1604,
            1.7593,
            -1.0239,
            0.353,
            0.3298,
            -0.9543,
            1.1082,
            1.3435,
            0.7913,
            0.5239,
            0.3872,
            -1.0933,
            -0.1189,
            1.9526,
            0.8242,
            0.0044,
            0.6511,
            -0.1963,
            -1.3035,
            -2.0559,
            2.3445,
            0.0698,
            -4.1721,
            2.5303,
            1.054,
            -3.4639,
            -3.7593,
            -0.2122,
            -0.2695,
            -0.6873,
            -0.0085,
            -0.2305,
            -2.2419,
            -0.1997,
            1.531,
            0.5994,
            -2.0098,
            -0.1399,
            0.0471,
            0.6345,
            0.6401,
            0.2078,
            -0.7041,
            3.3684,
            2.7349,
            -0.8096,
            -3.4119,
            0.9326,
            1.7375,
            0.8267,
            -0.1621,
            -3.311,
            -0.3003,
            -0.2761,
            -0.1694,
            1.2581,
            -1.2275,
            0.4666,
            -0.5703,
            -1.1448,
            0.4268,
            0.9973,
            3.7039,
            1.3765,
            -1.3696,
            -6.9678,
            -3.3767,
            2.2815,
            7.5757,
            -0.1836,
            -3.3035,
            -3.2981,
            0.95,
            2.6035,
            3.5151,
            2.749,
            3.115,
            -2.9187,
            -2.4866,
            0.6667,
            6.0923,
            7.9998,
            1.0125,
            -8.0,
            -4.0212,
            3.3853,
            3.7454,
            -4.9329,
            -6.283,
            -2.625,
            1.2458,
            -2.6179,
            -4.397,
            -5.1829,
            -8.0,
            -3.4932,
            7.1204,
            6.7749,
            3.6069,
            -3.2798,
            -2.446,
            -1.8213,
            6.6448,
            7.9998,
            4.5527,
            1.2207,
            -2.8035,
            2.1968,
            4.3606,
            7.9998,
            5.4871,
            2.7268,
            -3.6511,
            0.8784,
            6.4641,
            1.895,
            -6.374,
            -5.3596,
            -2.522,
            2.4058,
            -0.0813,
            0.5005,
            -2.2537,
            -3.3333,
            -7.4785,
            -8.0,
            -5.8367,
            5.8291,
            -0.5125,
            -0.3318,
            -3.011,
            1.9036,
            -1.4001,
            -0.5366,
            -2.9885,
            0.5098,
            2.9102,
            1.1589,
            0.3298,
            -1.1912,
            1.5317,
            2.0933,
            5.7888,
            7.9998,
            4.8281,
            0.2261,
            -0.8213,
            6.2793,
            4.7656,
            -3.25,
            -2.4429,
            3.8535,
            1.5801,
            -1.0798,
            -2.7966,
            -1.3511,
            -1.6531,
            -1.7771,
            -1.5808,
            -2.9851,
            -0.553,
            -1.0178,
            -4.866,
            -6.7505,
            0.6575,
            3.9692,
            -1.4346,
            -4.8257,
            -0.5642,
            1.0671,
            -1.2454,
            0.3623,
            0.958,
            -1.2288,
            -0.3513,
            3.3921,
            0.4939,
            0.082,
            2.3743,
            3.4968,
            3.2734,
            1.2375,
            2.5818,
            -1.4929,
            -1.2585,
            1.2007,
            2.3225,
            1.7219,
            -0.0876,
            1.1086,
            -4.3967,
            -1.2761,
            1.3958,
            -1.8406,
            -3.8037,
            0.8242,
            -1.6631,
            -2.6021,
            -3.0142,
            -1.6831,
            -6.8369,
            -1.6851,
            1.4678,
            0.2598,
            -3.522,
            -0.843,
            0.7749,
            0.0193,
            -0.823,
            -0.5256,
            0.0818,
            0.7842,
            0.3792,
            2.8245,
            5.5103,
            3.8335,
            4.5876,
            0.6975,
            -0.5779,
            3.3689,
            3.2944,
            3.1111,
            -2.2144,
            1.7869,
            1.3184,
            -3.4285,
            -5.9153,
            -1.0447,
            -0.1663,
            -0.0532,
            -1.7729,
            -0.552,
            0.01,
            0.5374,
            0.1106,
            1.3687,
            -0.4246,
            -1.2358,
            -0.7949,
            -4.728,
            -6.1875,
            -0.8005,
            5.4771,
            -5.6194,
            -4.4275,
            -2.7187,
            0.9446,
            -1.0486,
            2.074,
            0.2598,
            0.7717,
            -1.4902,
            1.5625,
            -0.5081,
            0.0117,
            0.6831,
            0.6655,
            0.4092,
            0.6526,
            1.4019,
            2.8696,
            3.3416,
            0.4722,
            -1.5945,
            1.1157,
            2.0728,
            0.5684,
            -0.2908,
            0.8164,
            0.0601,
            -2.9392,
            -2.3535,
            -3.1201,
            -2.8867,
            -1.9961,
            3.3733,
            1.4321,
            -1.4495,
            -1.1409,
            2.5608,
            -0.1255,
            -3.2703,
            -1.8618,
            0.3987,
            6.093,
            -0.6484,
            0.6631,
            0.0872,
            2.0256,
            -0.3025,
            1.4834,
            -1.4988,
            -1.0728,
            -2.5134,
            1.7505,
            0.7371,
            0.4448,
            1.4663,
            2.426,
            1.8921,
            0.3916,
            2.6326,
            0.3938,
            1.2258,
            2.719,
            4.1167,
            3.4792,
            -2.6887,
            -0.2698,
            3.3042,
            1.7007,
            -1.7756,
            -2.103,
            -0.5935,
            -1.2361,
            -4.3792,
            -3.6089,
            -0.0911,
            1.4761,
            1.0269,
            -0.5918,
            -0.3777,
            -0.165,
            1.8367,
            0.3337,
            -1.7913,
            -1.5557,
            -4.3513,
            -1.3574,
            2.6804,
            0.502,
            -2.2332,
            -0.7107,
            0.605,
            1.6638,
            -1.7344,
            0.8137,
            -1.1731,
            -0.9722,
            -0.3821,
            4.1799,
            2.78,
            1.3694,
            0.7856,
            0.5107,
            -1.1091,
            0.2922,
            1.2961,
            1.4229,
            3.802,
            1.2859,
            -0.8909,
            -1.2659,
            -0.2219,
            1.7722,
            -0.1057,
            -0.634,
            0.9065,
            -1.1665,
            -1.0081,
            -1.6099,
            -0.0332,
            -3.0132,
            -2.8796,
            -2.5908,
            0.3262,
            0.1531,
            -2.0217,
            -0.3538,
            -0.6343,
            -0.7852,
            -1.7151,
            1.2859,
            -0.2683,
            2.054,
            -0.2561,
            0.3074,
            -1.2161,
            0.8879,
            0.2202,
            -0.6753,
            0.0366,
            0.4109,
            -0.7695,
            1.9788,
            1.2681,
            -0.334,
            -1.1638,
            1.554,
            0.2124,
            0.3909,
            -1.3896,
            1.9814,
            0.7224,
            1.4431,
            0.7075,
            2.8313,
            1.062,
            0.1267,
            2.7966,
            -0.0715,
            -2.1411,
            0.665,
            -0.5425,
            -2.8086,
            -3.8279,
            -0.0676,
            0.667,
            -2.1636,
            -0.4143,
            3.1577,
            -1.6765,
            -2.2021,
            0.3057,
            1.8997,
            -0.9204,
            -1.2061,
            1.3406,
            -3.5137,
            -7.8328,
            -1.4934,
            2.8228,
            -1.9702,
            -2.9211,
            1.9407,
            4.5544,
            -2.9802,
            -1.126,
            5.8289,
            6.6602,
            -2.2393,
            -1.4373,
            2.0876,
            -1.0681,
            -2.4766,
            1.8359,
            2.8154,
            -0.5583,
            -2.1367,
            0.5625,
            2.7544,
            4.8196,
            2.343,
            0.7473,
            -0.8354,
            1.7158,
            0.8765,
            -0.1885,
            -0.9194,
            0.6418,
            -0.6792,
            -0.2278,
            -1.9629,
            -1.0383,
            -0.1865,
            -0.1731,
            1.0105,
            -2.3801,
            -0.4155,
            0.9153,
            0.6826,
            -2.2832,
            -0.4983,
            -2.1265,
            -0.5696,
            -3.7275,
            1.3811,
            0.5195,
            -3.1992,
            -3.2427,
            2.3926,
            1.1338,
            -0.7729,
            1.7522,
            3.9768,
            0.8191,
            -0.3958,
            -0.3772,
            2.2812,
            0.4612,
            0.7744,
            0.1963,
            -0.157,
            -0.9741,
            0.5562,
            0.5115,
            1.6304,
            -0.1094,
            1.0835,
            5.051,
            4.6887,
            -3.5728,
            -1.3862,
            1.3306,
            3.2419,
            -1.9075,
            -1.4443,
            0.897,
            0.1685,
            -2.3706,
            -0.8237,
            -0.6318,
            -0.6028,
            -0.5295,
            0.199,
            -3.5208,
            -2.1274,
            -0.009,
            0.7424,
            -2.543,
            -0.4392,
            -1.4539,
            -3.729,
            -0.4297,
            2.9712,
            -2.2991,
            -1.9543,
            -1.3467,
            4.1267,
            0.7148,
            0.8293,
            2.2844,
            0.6714,
            -1.8394,
            1.3252,
            1.5388,
            -1.134,
            -2.1365,
            -0.5342,
            -1.4192,
            -0.9907,
            1.5344,
            0.7207,
            3.072,
            0.1643,
            1.033,
            2.2046,
            0.2263,
            0.4944,
            0.6838,
            1.0989,
            0.8013,
            -1.1494,
            -0.9297,
            -1.9492,
            0.7681,
            -0.4607,
            -1.6333,
            -0.95,
            1.052,
            -1.0291,
            -2.6675,
            -0.6094,
            -0.2078,
            -0.0286,
            -0.7156,
            -0.6692,
            -1.3506,
            -1.116,
            -2.6743,
            -1.1997,
            4.1704,
            2.8755,
            -2.071,
            -3.9944,
            -0.5256,
            0.4409,
            -3.5161,
            0.0508,
            2.5027,
            -1.8069,
            -0.8625,
            2.5171,
            4.291,
            -0.8618,
            1.7205,
            1.5457,
            -1.7368,
            -4.7607,
            2.3606,
            2.4893,
            3.3413,
            1.8169,
            0.4487,
            0.7341,
            -1.3684,
            0.7903,
            1.0266,
            0.3311,
            -0.198,
            -3.9026,
            -0.9624,
            -0.384,
            -0.6101,
            -3.082,
            -0.335,
            -0.6296,
            -0.9526,
            -2.0034,
            -0.1809,
            -0.4358,
            -2.781,
            -1.0723,
            -0.8901,
            0.1296,
            -2.4617,
            -3.3005,
            0.7952,
            1.1389,
            -1.9736,
            -1.2983,
            0.6113,
            -0.689,
            -0.73,
            1.74,
            2.1094,
            -0.7014,
            -0.5513,
            -0.177,
            -0.3369,
            -1.0103,
            1.104,
            -0.4331,
            -0.7402,
            -1.7241,
            1.3247,
            0.6692,
            -0.47,
            0.8994,
            2.0933,
            0.8926,
            1.4075,
            3.53,
            0.5391,
            -3.8049,
            0.3479,
            5.6538,
            1.3567,
            -1.7412,
            -1.958,
            1.3884,
            -0.1548,
            -0.6914,
            -0.9263,
            2.2366,
            -0.2388,
            -0.7705,
            -2.5183,
            -1.6777,
            -0.8958,
            -1.3796,
            -2.0969,
            -4.8972,
            -3.8083,
            -0.9377,
            1.0264,
            -2.6377,
            -0.5457,
            -0.2317,
            0.6128,
            -0.571,
            -0.5486,
            -0.387,
            1.1431,
            2.335,
            2.175,
            -1.0481,
            0.6633,
            0.8062,
            -0.1484,
            -0.5479,
            -0.7703,
            1.7261,
            -0.1877,
            1.1213,
            1.3743,
            2.1804,
            3.2913,
            -0.6045,
            -0.6755,
            1.094,
            1.9463,
            -1.01,
            -0.126,
            0.4319,
            0.5999,
            -1.9048,
            -1.1929,
            -0.4204,
            0.364,
            -0.2419,
            -0.7351,
            -0.1233,
            0.0344,
            1.6301,
            -0.1111,
            0.4653,
            -0.5291,
            0.9707,
            -0.7908,
            0.1929,
            -1.353,
            -2.5457,
            -4.3889,
            -3.0254,
            -1.7222,
            1.4778,
            -0.1501,
            0.3779,
            -0.1401,
            1.3684,
            -3.0942,
            0.7527,
            1.7979,
            1.6799,
            -0.6965,
            1.3035,
            2.7458,
            1.1433,
            -0.3069,
            1.9019,
            0.5876,
            -0.4744,
            -0.1538,
            3.0308,
            -0.2905,
            4.3433,
            2.0894,
            2.2549,
            0.1731,
            0.9167,
            0.1919,
            2.0874,
            0.7039,
            1.9922,
            -2.5984,
            -0.8811,
            -1.0762,
            2.1406,
            -0.2883,
            -1.002,
            -2.5764,
            -0.8408,
            0.8628,
            -2.5149,
            -0.2073,
            -2.7644,
            -0.1448,
            -1.1716,
            0.3589,
            -2.8472,
            -1.1377,
            0.9099,
            1.4602,
            -1.969,
            0.4265,
            1.0081,
            0.1372,
            -1.325,
            2.5747,
            1.5044,
            -0.4995,
            -0.4268,
            2.147,
            -0.4458,
            -0.6943,
            3.958,
            2.2788,
            -1.6301,
            -1.314,
            1.344,
            0.8408,
            -0.8052,
            0.3679,
            1.6309,
            0.9072,
            0.7571,
            1.4836,
            2.5544,
            0.7908,
            2.7773,
            0.8567,
            1.0349,
            0.6855,
            -0.0679,
            -2.0869,
            -0.1028,
            0.8677,
            -0.0464,
            -1.2717,
            1.3862,
            0.5349,
            -0.9353,
            -2.3022,
            -1.6538,
            -0.1458,
            -2.1912,
            0.1965,
            -1.876,
            -4.7502,
            -3.5935,
            1.5662,
            0.4231,
            -3.2808,
            -1.7544,
            -1.1379,
            0.4587,
            -0.1614,
            0.7961,
            -1.499,
            0.9766,
            1.7776,
            0.0955,
            -2.3225,
            0.3328,
            2.1953,
            0.6414,
            -1.2734,
            1.1362,
            3.6638,
            2.5676,
            0.4045,
            -0.8293,
            2.2031,
            2.8032,
            0.9241,
            -0.3916,
            0.5242,
            -0.3042,
            -0.2605,
            -0.4385,
            0.6851,
            -0.6233,
            -0.8201,
            0.134,
            0.0959,
            -0.1648,
            0.2114,
            0.3455,
            -0.2285,
            -0.3013,
            0.8562,
            -0.3027,
            -0.3577,
            -0.272,
            -0.6233,
            -1.0347,
            -0.5647,
            -0.6621,
            -1.0708,
            -0.8306,
            0.0811,
            -1.7439,
            -3.0845,
            -2.0862,
            0.605,
            1.3203,
            -0.1921,
            -1.6204,
            -0.0173,
            1.668,
            0.9207,
            0.5112,
            -0.0261,
            -1.1394,
            -0.7417,
            -0.3657,
            -0.2419,
            -0.9731,
            2.7239,
            1.9758,
            -1.0457,
            1.0706,
            3.8003,
            3.7544,
            0.5391,
            3.731,
            0.7817,
            0.2363,
            1.1772,
            1.9092,
            0.5781,
            -2.2161,
            -1.5737,
            1.7939,
            -1.1672,
            -2.4587,
            -1.3286,
            -0.5291,
            -0.9917,
            -0.6858,
            -0.0256,
            1.0603,
            1.3892,
            -1.3677,
            -2.3188,
            -0.0476,
            -1.2612,
            -1.2944,
            -1.7937,
            -4.3291,
            -1.8123,
            -1.387,
            -0.5518,
            -1.3611,
            0.8733,
            0.8418,
            0.0491,
            1.199,
            1.7764,
            0.4863,
            -0.377,
            0.5593,
            1.5132,
            0.0847,
            0.406,
            0.425,
            -0.6633,
            -0.8145,
            0.4209,
            0.1025,
            0.45,
            0.072,
            1.4272,
            0.4385,
            1.2048,
            1.2258,
            -0.1548,
            1.5034,
            3.6753,
            2.8918,
            -0.9072,
            -2.8269,
            2.0654,
            3.5088,
            -2.2153,
            -1.8062,
            -1.0542,
            0.593,
            -1.7119,
            0.0222,
            -0.1458,
            -0.825,
            -1.4453,
            -0.2461,
            0.2217,
            -1.4797,
            -1.5222,
            -1.6418,
            -5.3391,
            -4.8394,
            1.8655,
            3.5603,
            -1.168,
            -1.54,
            1.5325,
            1.1218,
            -1.853,
            0.3511,
            2.719,
            1.4316,
            1.4167,
            2.9824,
            1.4558,
            -1.7949,
            0.2881,
            0.7849,
            -0.9368,
            -1.5662,
            0.2349,
            2.2993,
            3.1301,
            0.2788,
            -0.1543,
            2.6987,
            0.7576,
            -0.7441,
            0.1882,
            0.9448,
            -0.1638,
            -1.6289,
            -0.5056,
            0.5945,
            -0.9587,
            -0.3469,
            0.0972,
            -0.2126,
            -0.436,
            0.4126,
            1.1582,
            0.3176,
            -0.1079,
            1.5664,
            -0.064,
            -1.3491,
            -0.8403,
            -0.4812,
            -2.584,
            -0.8342,
            -0.1838,
            -0.3037,
            -2.0547,
            -1.9277,
            -3.1953,
            -0.5544,
            2.1785,
            0.4944,
            -0.0291,
            -1.7234,
            1.6338,
            -0.5808,
            -2.3008,
            -0.8057,
            2.2698,
            -1.041,
            -0.8789,
            1.968,
            -0.2756,
            -0.9053,
            2.6555,
            2.083,
            0.9934,
            -0.2405,
            1.9565,
            1.5427,
            3.1738,
            4.6531,
            1.385,
            -1.0701,
            -0.4924,
            1.5854,
            2.1023,
            -0.8926,
            -1.9211,
            -1.0203,
            0.021,
            -0.2361,
            -0.4829,
            -2.2361,
            -0.6379,
            -0.3623,
            0.3875,
            -2.3018,
            -0.6416,
            -1.9297,
            -1.0488,
            -1.9336,
            -0.7849,
            -1.2227,
            -2.6687,
            -1.0767,
            1.0222,
            -1.7625,
            -2.9214,
            0.6704,
            1.2827,
            -1.1616,
            -0.5715,
            1.8857,
            0.7395,
            -1.6304,
            0.8767,
            0.9343,
            -0.6514,
            0.5649,
            1.4951,
            -0.8203,
            -2.0664,
            -0.6365,
            -0.6499,
            -0.4722,
            0.7629,
            2.752,
            0.6418,
            0.0217,
            1.4351,
            0.9744,
            2.4343,
            3.2432,
            3.4604,
            -0.2246,
            -2.0703,
            2.3523,
            0.9075,
            -1.5044,
            -0.1147,
            0.2498,
            -0.2727,
            -2.4841,
            0.7261,
            -0.3584,
            -2.4866,
            -2.3818,
            -0.4053,
            -0.3862,
            -1.9734,
            -0.8308,
            -1.0435,
            -2.5396,
            -4.5083,
            1.3972,
            4.3152,
            -0.96,
            -3.1367,
            -1.1125,
            0.1846,
            -0.4834,
            -0.282,
            0.3867,
            -1.2988,
            1.0554,
            3.3975,
            1.1392,
            -1.4397,
            -0.2251,
            2.0566,
            -0.1814,
            -1.8687,
            0.7302,
            4.2429,
            1.6604,
            -0.9072,
            -0.0769,
            2.3704,
            4.9246,
            0.6521,
            -0.2568,
            1.2961,
            2.0947,
            -0.2129,
            -1.2512,
            0.2971,
            -0.3877,
            -1.5586,
            0.0496,
            -0.2383,
            -1.502,
            -0.1841,
            0.9285,
            -0.8015,
            -1.8333,
            0.2896,
            0.1592,
            0.3818,
            -0.2327,
            0.3,
            -0.2048,
            -0.0381,
            0.532,
            -0.761,
            -1.4666,
            -0.8611
        ],
        "accely": [
            0.2803,
            -2.3276,
            -0.5103,
            -0.8162,
            -0.3225,
            -1.0193,
            -0.0432,
            -0.6082,
            -0.5728,
            -0.9932,
            -0.2446,
            -0.178,
            0.7407,
            -0.8406,
            2.5742,
            2.7319,
            -1.8613,
            5.5273,
            -0.5176,
            0.3459,
            3.5728,
            -2.6951,
            2.1106,
            -1.5999,
            -0.241,
            2.2866,
            -1.7114,
            1.4937,
            -1.0659,
            -0.1621,
            0.9231,
            -0.8962,
            -0.5454,
            -4.6909,
            0.5347,
            -6.512,
            1.2195,
            0.0635,
            -3.4539,
            1.8987,
            -2.7075,
            2.0984,
            -2.5779,
            2.2756,
            -2.0017,
            1.6223,
            -2.488,
            0.9106,
            -0.5295,
            5.7517,
            -1.6477,
            4.2593,
            1.5857,
            -4.2844,
            4.2375,
            -3.0371,
            3.7346,
            -0.394,
            -2.1079,
            2.8384,
            -1.3125,
            0.5137,
            0.6653,
            -1.5076,
            0.8684,
            -6.2275,
            2.3425,
            -8.0,
            -0.4446,
            2.9229,
            -5.8616,
            4.3215,
            -4.9775,
            2.8247,
            -3.0649,
            2.4651,
            -1.8357,
            2.2478,
            -1.3601,
            3.8938,
            2.697,
            0.6243,
            7.293,
            -3.3167,
            2.7578,
            0.104,
            -1.1907,
            3.8728,
            -2.9058,
            2.5837,
            1.7813,
            -1.9573,
            3.0869,
            -1.001,
            -6.9927,
            3.4836,
            -8.0,
            2.4492,
            -1.2869,
            -5.6238,
            2.9387,
            -2.1707,
            1.0889,
            -1.1101,
            -0.5615,
            -0.3481,
            -0.5994,
            7.9998,
            2.2109,
            7.9998,
            0.7302,
            0.8601,
            0.4595,
            -0.7788,
            1.7454,
            1.2278,
            1.8721,
            -0.4983,
            -0.5415,
            1.6748,
            -0.6707,
            -0.509,
            -4.2268,
            0.1899,
            -8.0,
            1.5771,
            1.7993,
            -6.803,
            4.1455,
            -2.2219,
            2.5693,
            1.5093,
            -3.2317,
            1.2571,
            -1.0784,
            1.3054,
            4.9004,
            -0.7808,
            4.5164,
            5.4314,
            -3.7585,
            7.6719,
            -3.4431,
            2.8035,
            -2.9861,
            1.2134,
            -0.4946,
            0.7339,
            -1.6682,
            -0.4045,
            0.8037,
            -0.3645,
            -1.9077,
            -2.7771,
            2.7097,
            -7.9077,
            2.5076,
            2.4368,
            -8.0,
            7.9998,
            -1.8113,
            -0.3196,
            2.9006,
            -3.4153,
            3.9148,
            -0.9822,
            -2.4719,
            1.7144,
            -2.2874,
            2.3843,
            -2.5112,
            -0.7996,
            1.2124,
            1.5276,
            0.6794,
            5.2656,
            -0.6829,
            3.592,
            0.7532,
            -2.0359,
            -0.585,
            -0.4897,
            -0.1287,
            -1.1189,
            0.3306,
            -0.7322,
            2.4924,
            1.4729,
            -0.5002,
            1.2163,
            -0.4138,
            0.1331,
            -1.0532,
            -1.6584,
            -5.3645,
            -1.7974,
            -0.5513,
            -4.1191,
            4.4861,
            -0.7156,
            0.2661,
            2.0906,
            -4.2947,
            2.2656,
            -0.6729,
            -0.6589,
            -0.1765,
            -2.4697,
            0.0815,
            -2.9568,
            4.2939,
            -0.4326,
            4.1382,
            3.4148,
            -3.0447,
            6.0308,
            -3.1487,
            4.3384,
            -2.2222,
            1.5498,
            -0.8315,
            -0.3066,
            1.281,
            1.3354,
            2.0928,
            -1.3982,
            2.3271,
            2.5408,
            -4.2732,
            -1.2288,
            1.2488,
            -6.1389,
            1.092,
            -0.7251,
            -4.145,
            4.4309,
            0.2424,
            -1.1255,
            2.0337,
            -2.6201,
            1.8167,
            -0.3289,
            -1.1289,
            1.0801,
            -1.0815,
            0.2732,
            -1.3347,
            -1.0776,
            0.323,
            1.3708,
            2.3984,
            -0.1726,
            4.4287,
            -0.8179,
            3.4495,
            -0.1484,
            -1.793,
            -1.0039,
            -1.6157,
            -0.2954,
            -0.9717,
            -0.3774,
            -0.6138,
            0.8784,
            0.7634,
            0.9221,
            -0.2539,
            0.2251,
            0.4331,
            1.0784,
            0.3477,
            -3.2026,
            -0.4336,
            -4.2156,
            -2.71,
            1.7856,
            -3.0222,
            2.1226,
            0.7041,
            -2.1077,
            3.0247,
            -1.9316,
            -0.1313,
            0.5278,
            -3.6331,
            1.2454,
            -2.519,
            0.0303,
            -0.6309,
            -1.0247,
            0.1487,
            3.417,
            0.7717,
            1.5288,
            3.2153,
            -1.9709,
            4.5652,
            -2.3108,
            0.3484,
            -2.571,
            0.2563,
            -0.6128,
            0.231,
            0.6267,
            -1.5803,
            3.2512,
            -0.7551,
            -0.405,
            1.176,
            -0.5571,
            0.3125,
            1.3499,
            -0.2214,
            -2.0149,
            -2.582,
            0.4075,
            -5.2268,
            1.5159,
            1.4663,
            -4.9285,
            4.9622,
            -0.1113,
            -0.4031,
            2.7922,
            -2.6804,
            1.7078,
            -0.9055,
            -2.6301,
            0.1499,
            -2.7759,
            1.1323,
            -2.47,
            1.0085,
            -1.146,
            0.3196,
            0.0779,
            0.2095,
            3.0757,
            -0.925,
            3.4363,
            0.6128,
            -1.0134,
            1.4448,
            -1.0513,
            0.4971,
            0.2878,
            -0.0242,
            0.0471,
            -0.7913,
            0.4543,
            0.6021,
            1.4597,
            0.3152,
            0.6538,
            -0.5522,
            0.2849,
            0.3027,
            0.8787,
            1.5239,
            -3.6179,
            -1.3594,
            -1.5645,
            -5.0588,
            2.4854,
            -1.49,
            -0.3281,
            4.7581,
            -2.5469,
            2.0276,
            0.8184,
            -2.2192,
            2.0776,
            -3.5261,
            0.5791,
            -1.2258,
            -2.5508,
            1.5376,
            -2.2104,
            2.4873,
            -2.4961,
            1.0896,
            2.5605,
            1.4221,
            2.1155,
            3.6174,
            -2.6873,
            3.363,
            -1.8062,
            0.4805,
            -1.7776,
            -0.1433,
            -0.4875,
            -0.8833,
            0.1006,
            -0.5581,
            1.5608,
            0.3938,
            0.2566,
            1.7515,
            -0.6738,
            1.5664,
            0.22,
            -0.3577,
            1.8284,
            -4.7642,
            -0.7646,
            -0.5486,
            -4.5042,
            3.7434,
            -1.0366,
            0.0662,
            3.6848,
            -2.4583,
            1.5869,
            0.9282,
            -1.1309,
            1.8223,
            -4.1479,
            -0.3008,
            -2.0459,
            -0.8638,
            1.1514,
            -1.6243,
            1.8027,
            -0.7056,
            0.6467,
            -1.3467,
            0.6023,
            -0.7703,
            2.157,
            0.5371,
            1.8269,
            1.0864,
            -0.2952,
            1.8977,
            1.209,
            -0.0315,
            0.0251,
            -1.2852,
            -0.5405,
            0.7249,
            0.8896,
            2.5952,
            1.3567,
            1.0999,
            -0.2571,
            1.106,
            -0.6946,
            0.3608,
            -0.8684,
            0.667,
            -3.2954,
            1.1807,
            -5.7659,
            -2.4072,
            2.6406,
            -3.7236,
            3.314,
            1.5168,
            -1.9314,
            2.3801,
            -2.1663,
            0.5513,
            0.0244,
            -3.1638,
            0.3684,
            -2.5261,
            0.4966,
            -1.5808,
            0.3774,
            -0.0396,
            0.9893,
            -0.7192,
            3.8953,
            -0.8535,
            3.7312,
            0.0718,
            -0.873,
            -0.0872,
            -0.8274,
            -0.2251,
            -2.418,
            0.4094,
            0.8801,
            -1.7546,
            0.8337,
            -0.2993,
            1.0991,
            1.24,
            -0.4827,
            1.5024,
            -1.0073,
            0.3174,
            -0.5308,
            -0.4968,
            1.0437,
            -1.0789,
            0.4211,
            -0.646,
            -3.6157,
            1.9905,
            -2.0935,
            -1.5471,
            1.9023,
            -4.8669,
            0.0715,
            1.2493,
            -2.4731,
            1.8704,
            -0.9624,
            -0.2544,
            -0.5251,
            -3.5593,
            0.417,
            -0.7466,
            0.2766,
            -1.3953,
            -0.5796,
            -0.2493,
            0.0225,
            -0.0347,
            3.406,
            0.5168,
            3.0354,
            3.4033,
            -1.9888,
            3.011,
            -2.075,
            1.6589,
            -2.0498,
            0.8088,
            -1.1953,
            0.1763,
            0.7205,
            -0.3804,
            2.7617,
            0.1924,
            0.4692,
            0.5249,
            -1.3914,
            0.1316,
            -0.5872,
            1.0952,
            -2.4182,
            -1.6267,
            -1.6519,
            -4.7578,
            3.1917,
            -1.4341,
            0.2913,
            3.4187,
            -2.8901,
            2.553,
            0.2686,
            -1.175,
            1.8936,
            -3.2622,
            1.3789,
            -1.3281,
            -1.5479,
            0.9417,
            -2.3384,
            1.9541,
            -0.8748,
            0.8296,
            -1.4143,
            0.9873,
            -0.2654,
            0.1753,
            -0.2551,
            2.002,
            -1.2463,
            1.6338,
            1.0876,
            0.0723,
            2.1143,
            0.1917,
            -0.1023,
            -0.2021,
            -0.9968,
            -0.4731,
            -0.5339,
            0.062,
            1.3708,
            1.9006,
            0.2507,
            -0.6777,
            1.3057,
            0.4456,
            -0.0376,
            1.6208,
            -3.7842,
            -1.479,
            -2.0898,
            -5.6372,
            3.0244,
            -1.5754,
            -0.5972,
            3.6367,
            -1.99,
            0.4668,
            1.323,
            -2.5896,
            2.3491,
            -2.4597,
            -0.313,
            -0.8132,
            -2.7612,
            1.0955,
            -1.646,
            1.3774,
            -1.0623,
            0.4749,
            1.1091,
            0.3135,
            2.0574,
            3.0159,
            -1.5925,
            2.324,
            -2.2312,
            0.9675,
            -1.4897,
            0.7666,
            -0.51,
            -0.4226,
            0.2568,
            -0.3772,
            2.0906,
            0.5337,
            -0.3025,
            1.0405,
            -0.3818,
            0.2109,
            0.6379,
            -0.3735,
            0.0703,
            0.2361,
            -0.5376,
            0.2312,
            -0.3796,
            0.0876,
            0.2085,
            -0.9214,
            -0.186,
            0.6252,
            -3.5718,
            -0.5974,
            0.0718,
            -1.9026,
            2.6394,
            -3.0691,
            0.824,
            0.5781,
            -2.1511,
            -0.0479,
            -1.2561,
            0.9038,
            -0.6348,
            -0.9714,
            -0.5266,
            -0.4241,
            -0.1118,
            0.2515,
            2.4731,
            -0.8188,
            5.9136,
            0.0974,
            1.8333,
            0.6729,
            -2.0662,
            -0.2678,
            -0.1152,
            -0.2251,
            -1.1892,
            0.6555,
            -0.3889,
            0.7661,
            -0.0024,
            -0.5564,
            0.3567,
            1.0134,
            0.8918,
            -0.4302,
            -0.198,
            -2.3777,
            -2.5596,
            0.2129,
            -5.7532,
            2.1455,
            -0.3389,
            -2.835,
            4.5867,
            -1.0085,
            0.2842,
            2.3437,
            -3.6462,
            2.2051,
            -1.1958,
            -1.4028,
            0.4634,
            -2.3088,
            0.7803,
            -1.0051,
            -0.6099,
            1.0295,
            -1.146,
            0.7964,
            -1.04,
            0.8118,
            -0.5029,
            0.804,
            -0.2844,
            0.4946,
            -0.9431,
            -0.283,
            -0.4937,
            2.3279,
            1.2612,
            0.9365,
            4.1357,
            -2.2839,
            2.3447,
            -1.5195,
            0.4724,
            2.123,
            -2.3079,
            2.9358,
            -2.2297,
            0.821,
            1.0679,
            -3.0903,
            3.3328,
            -0.5774,
            -0.1594,
            1.3604,
            -1.0906,
            -1.8682,
            -1.9736,
            -0.8416,
            -5.0405,
            3.0208,
            -1.9243,
            -2.1536,
            4.363,
            -2.2285,
            1.6538,
            0.8203,
            -1.9692,
            2.5898,
            -1.1292,
            -0.3413,
            0.0828,
            -1.2385,
            0.5737,
            -0.9702,
            1.2605,
            -0.5432,
            -0.2991,
            2.2991,
            0.6338,
            2.6238,
            1.4253,
            -0.5291,
            2.3386,
            -1.1428,
            0.5264,
            -1.5486,
            0.7405,
            -0.9058,
            0.4524,
            -0.5076,
            0.4634,
            1.4409,
            -0.3477,
            0.8013,
            -0.1631,
            0.4617,
            -0.291,
            -0.2625,
            1.4978,
            -0.3672,
            -0.8967,
            0.0227,
            -0.3994,
            0.4905,
            -0.5417,
            -0.0293,
            0.5945,
            -0.0535,
            1.3274,
            -1.4775,
            -1.8894,
            -0.1279,
            -6.2432,
            1.231,
            -0.0063,
            -1.7874,
            2.4609,
            -2.2654,
            1.0791,
            -0.4941,
            -2.3176,
            2.1323,
            -1.8462,
            1.2581,
            -1.521,
            0.2595,
            -0.8044,
            0.0005,
            0.3108,
            2.9141,
            -0.9458,
            6.7283,
            -2.229,
            3.0818,
            -0.282,
            -2.0559,
            0.4658,
            0.0403,
            0.6782,
            -2.5359,
            1.4553,
            -2.3896,
            1.6868,
            -0.4683,
            -0.0344,
            0.7373,
            -0.0847,
            1.2813,
            -1.1172,
            -0.2693,
            -1.9519,
            -0.6206,
            -2.7358,
            -2.5715,
            2.9324,
            -3.0193,
            2.6846,
            1.947,
            -2.6914,
            2.4746,
            -0.4626,
            0.2644,
            0.6689,
            -2.2368,
            1.0767,
            -1.312,
            -0.4939,
            0.1941,
            -0.9006,
            1.0933,
            -0.2429,
            0.3267,
            0.3848,
            -0.5784,
            0.7595,
            -0.5083,
            0.7529,
            -0.4448,
            0.2478,
            -0.5786,
            -0.3718,
            -0.3948,
            -0.1345,
            -0.9197,
            0.4443,
            1.3792,
            0.0356,
            3.7747,
            1.9783,
            -1.5105,
            2.8767,
            -2.251,
            1.9377,
            -0.8674,
            -0.3047,
            0.7187,
            -1.8889,
            2.2554,
            -1.1853,
            0.1897,
            0.9106,
            -1.0464,
            1.9006,
            -0.0635,
            1.0581,
            -2.0066,
            -0.5925,
            -0.5164,
            -5.1282,
            3.8748,
            -3.7666,
            0.7041,
            2.1074,
            -4.9138,
            3.3425,
            -0.6941,
            -0.7266,
            1.1716,
            -2.9509,
            1.4614,
            -1.2034,
            -0.7219,
            0.4866,
            -0.4187,
            0.9045,
            -1.3369,
            1.5249,
            2.1072,
            0.3882,
            3.6243,
            -0.8667,
            2.0415,
            -0.6309,
            0.5273,
            -1.6064,
            0.1392,
            -1.4155,
            0.1101,
            -0.5886,
            -0.1565,
            1.0083,
            0.4128,
            0.772,
            0.7515,
            0.3408,
            -0.468,
            0.106,
            0.2126,
            0.1775,
            0.3857,
            -1.062,
            0.2651,
            -0.5796,
            -0.3401,
            0.679,
            -0.3428,
            1.5,
            0.3391,
            0.311,
            0.6177,
            -3.0857,
            1.1931,
            -4.7705,
            -2.771,
            1.8284,
            -2.6313,
            2.0127,
            0.2334,
            -1.3279,
            2.3762,
            -2.3118,
            0.6858,
            -0.7788,
            0.0288,
            -0.856,
            -0.6665,
            -0.8804,
            -0.5471,
            -1.3762,
            3.0955,
            -0.4792,
            3.323,
            4.6914,
            -4.2776,
            4.7212,
            -1.9294,
            2.0002,
            2.1875,
            -3.8027,
            2.6875,
            -2.4863,
            0.9512,
            -0.0901,
            0.2627,
            1.9827,
            -1.3748,
            1.4885,
            0.4658,
            -0.2976,
            0.6138,
            -2.9082,
            0.0449,
            -0.9856,
            -6.3115,
            1.7998,
            -1.3823,
            -1.6292,
            4.3213,
            -1.1763,
            1.1211,
            1.6658,
            -1.7715,
            1.5859,
            -1.2517,
            -0.1211,
            -0.2688,
            -1.7268,
            0.957,
            -1.1816,
            0.3809,
            0.2573,
            -1.2219,
            1.2258,
            -1.0833,
            0.5281,
            -0.3108,
            0.5647,
            0.1841,
            -0.9617,
            -0.1482,
            -0.1108,
            -0.4512,
            -0.5051,
            -0.5342,
            0.8169,
            1.3665,
            0.8347,
            4.5261,
            0.1013,
            1.1128,
            0.1631,
            -1.688,
            0.6348,
            -0.5671,
            0.8838,
            0.4387,
            -0.0078,
            0.9272,
            -2.4521,
            2.3428,
            -0.1519,
            -0.1023,
            2.2034,
            -0.8672,
            -2.0825,
            -2.3005,
            1.0007,
            -5.4343,
            -0.5981,
            1.3113,
            -5.8928,
            2.949,
            -1.0532,
            -0.7559,
            2.0159,
            -1.9646,
            2.6348,
            -0.8489,
            -1.1431,
            0.9055,
            -2.6531,
            0.8186,
            -1.6292,
            0.439,
            0.0952,
            -0.3606,
            3.9451,
            -0.0991,
            3.7004,
            0.489,
            0.262,
            1.1438,
            -0.9189,
            -0.6233,
            -1.1484,
            -1.0425,
            -0.3433,
            0.2761,
            -0.4648,
            0.6045,
            0.9888,
            0.9175,
            -0.0864,
            0.4324,
            0.5071,
            0.1001,
            -0.1765,
            -0.1311,
            0.5522,
            -0.7588,
            0.4941,
            -0.5918,
            -0.5164,
            0.207,
            -0.397,
            1.6758,
            0.4807,
            0.4351,
            0.1965,
            -2.8794,
            0.9382,
            -4.2271,
            -2.2766,
            1.3347,
            -2.1118,
            3.4612,
            -1.7605,
            -0.3423,
            0.5852,
            -2.1077,
            1.9622,
            -1.4036,
            0.8469,
            -1.179,
            0.8923,
            -1.1614,
            0.239,
            -0.9705,
            3.0674,
            0.5291,
            3.0283,
            4.3181,
            -2.9797,
            5.0635,
            -0.8132,
            -0.0603,
            2.2268,
            -3.177,
            1.7539,
            -3.0085,
            1.4629,
            -0.2219,
            -0.1885,
            2.2239,
            -1.6067,
            0.6245,
            0.1609,
            -0.374,
            0.3872,
            -0.0217,
            -0.8574,
            -1.6313,
            -1.3457,
            -3.7563,
            1.3494,
            -0.6953,
            -0.9805,
            3.6021,
            -1.1309,
            1.2747,
            1.6006,
            -2.0239,
            1.4814,
            -1.1794,
            -0.4419,
            0.4836,
            -2.3552,
            0.9602,
            -0.9482,
            -0.0564,
            0.3557,
            -1.2073,
            0.999,
            -1.1204,
            1.1299,
            -0.6411,
            0.6487,
            -0.7534,
            0.1304,
            -0.7026,
            -0.2004,
            -0.9143,
            -0.2959,
            -1.0884,
            1.5952
        ],
        "accelz": [
            1.55,
            5.7158,
            1.6833,
            5.1362,
            1.9827,
            3.4143,
            2.4744,
            4.4182,
            2.2712,
            2.083,
            2.6921,
            2.333,
            1.7112,
            1.4924,
            1.981,
            -1.0049,
            4.1113,
            -3.0657,
            2.7024,
            5.2332,
            -0.9045,
            -1.5339,
            -1.3857,
            -1.303,
            0.2244,
            -1.0281,
            0.0276,
            -2.5688,
            2.6309,
            0.4341,
            -0.2632,
            4.3418,
            1.2729,
            5.5942,
            -0.1724,
            -2.6917,
            -0.4575,
            -0.7593,
            7.9998,
            4.1245,
            2.5325,
            0.1753,
            4.2803,
            1.4041,
            3.8862,
            1.6165,
            4.8755,
            3.4626,
            5.5825,
            1.6594,
            2.9272,
            -6.0383,
            2.3787,
            7.9998,
            -1.3118,
            -2.2666,
            -7.1541,
            -2.6233,
            3.7969,
            0.4475,
            1.3196,
            1.7463,
            -1.8904,
            5.5176,
            -1.0581,
            2.8718,
            -0.2483,
            2.5625,
            -7.0271,
            -4.3115,
            7.9998,
            2.729,
            6.8062,
            -2.1401,
            0.1934,
            7.8083,
            2.9561,
            1.675,
            3.0139,
            4.4468,
            3.001,
            0.5276,
            -3.7642,
            7.9998,
            -7.1521,
            -1.512,
            6.9219,
            3.8699,
            3.0447,
            4.4219,
            -5.9336,
            -4.1846,
            2.0037,
            -1.8005,
            -3.1982,
            1.1421,
            -0.4675,
            -7.3677,
            -2.5332,
            5.3437,
            -2.3486,
            1.2925,
            4.5503,
            2.7632,
            3.228,
            3.5935,
            -0.4451,
            3.6616,
            0.9194,
            -8.0,
            -8.0,
            5.415,
            2.0459,
            4.1384,
            -1.7996,
            -6.2341,
            -3.4099,
            3.4626,
            3.4248,
            -0.5632,
            -1.6721,
            -2.9905,
            1.0029,
            0.8647,
            4.5369,
            -7.2239,
            -5.3174,
            5.6187,
            3.4971,
            0.1272,
            -1.8965,
            -1.4963,
            0.2563,
            0.9563,
            -5.6948,
            -5.4082,
            -0.5273,
            4.7742,
            7.6311,
            -2.4143,
            -1.406,
            6.1973,
            3.7749,
            6.5476,
            2.3704,
            3.8103,
            4.2351,
            2.4426,
            7.7534,
            0.739,
            3.0339,
            0.8394,
            -0.8376,
            6.2673,
            3.7261,
            1.8594,
            -0.1604,
            -5.3301,
            2.855,
            -2.981,
            -4.2866,
            -0.061,
            5.6436,
            -2.0525,
            -3.7161,
            3.2466,
            3.3538,
            -3.6289,
            -1.5818,
            -6.3782,
            4.4077,
            2.9121,
            1.0986,
            4.5151,
            1.4646,
            -1.728,
            5.5796,
            3.6284,
            -4.5247,
            1.123,
            7.9998,
            2.8569,
            6.1821,
            3.4221,
            2.2629,
            6.4404,
            -0.9053,
            1.1958,
            4.8682,
            -0.0825,
            -0.5183,
            3.1116,
            -2.6172,
            3.7178,
            -1.2954,
            -5.2295,
            2.5745,
            5.7888,
            -8.0,
            -0.5696,
            -1.9626,
            -2.6929,
            7.9998,
            -7.6924,
            -4.7522,
            5.7107,
            0.3435,
            2.05,
            4.4819,
            2.3374,
            0.6755,
            2.0383,
            -1.7651,
            0.8174,
            6.1726,
            -7.7744,
            4.8137,
            -5.6792,
            -8.0,
            -5.7417,
            0.6448,
            -1.3262,
            -0.0388,
            -0.2659,
            -4.5168,
            2.6975,
            -2.9585,
            -4.2483,
            5.9871,
            2.7974,
            -2.4553,
            -2.624,
            -2.9675,
            -0.4951,
            5.6926,
            -3.748,
            -2.2927,
            2.8113,
            4.5369,
            4.0051,
            1.0769,
            -1.0491,
            -1.031,
            -5.1272,
            -3.3755,
            -0.7134,
            0.2732,
            0.6431,
            0.8328,
            -1.3718,
            1.6692,
            1.3706,
            3.5432,
            5.384,
            0.9353,
            -3.563,
            6.6892,
            6.0627,
            -0.6443,
            3.679,
            6.2949,
            4.542,
            2.6438,
            2.3794,
            -0.8035,
            6.5825,
            2.1245,
            2.9319,
            2.782,
            -2.7961,
            -1.5762,
            -3.2852,
            -5.6335,
            -1.5872,
            -0.4187,
            -0.468,
            2.6814,
            0.3066,
            3.052,
            2.3501,
            0.4988,
            -0.0676,
            -2.2644,
            -3.8262,
            1.7915,
            -1.8569,
            1.7783,
            2.6411,
            2.4067,
            2.9775,
            1.7646,
            -0.3413,
            -0.616,
            7.2041,
            2.4043,
            5.1248,
            -2.3105,
            0.1401,
            5.1689,
            6.6621,
            -0.1228,
            3.4619,
            2.2517,
            2.7739,
            7.4778,
            2.637,
            3.7637,
            1.7815,
            1.9648,
            4.3665,
            0.6121,
            -3.0818,
            -2.9226,
            -2.04,
            0.6797,
            -1.2952,
            -1.0022,
            0.6794,
            -1.1418,
            6.2371,
            0.5269,
            -0.1936,
            -0.0474,
            0.5452,
            3.2646,
            0.0054,
            -0.5964,
            4.5029,
            1.6365,
            2.6147,
            -1.5361,
            3.3354,
            0.8677,
            2.4155,
            2.7847,
            -1.748,
            3.1836,
            -0.5349,
            7.5505,
            1.5332,
            2.9954,
            7.9998,
            -4.2874,
            -1.4634,
            7.7517,
            3.2856,
            3.4429,
            5.814,
            -1.6667,
            0.3494,
            5.9583,
            2.8076,
            3.8196,
            1.7983,
            -1.8794,
            -1.158,
            -3.7466,
            -4.4373,
            -3.3333,
            -0.686,
            -0.3958,
            1.5649,
            0.4482,
            -1.0496,
            1.8296,
            2.8203,
            -3.3916,
            -0.7529,
            -3.0691,
            -0.1721,
            5.1836,
            0.5173,
            0.8691,
            -0.5901,
            -1.8826,
            2.0859,
            2.2075,
            0.1387,
            1.6826,
            4.5205,
            -1.0547,
            0.8647,
            2.8972,
            -0.6638,
            2.2905,
            5.73,
            2.166,
            -3.1101,
            -0.2722,
            2.7634,
            2.2332,
            2.925,
            6.4155,
            5.6809,
            4.825,
            7.9998,
            2.2896,
            2.96,
            -1.821,
            -2.937,
            -1.0247,
            -4.0408,
            -4.6538,
            -1.3625,
            -1.8789,
            -0.9314,
            2.4626,
            0.2195,
            -4.7861,
            2.1326,
            -0.8364,
            0.4932,
            3.9653,
            -3.5969,
            -1.4866,
            2.3479,
            -2.1611,
            1.5549,
            -2.1321,
            0.594,
            3.6147,
            -0.155,
            -0.9966,
            -0.6125,
            1.5486,
            1.2437,
            1.9727,
            2.7009,
            1.7439,
            4.0999,
            2.02,
            1.8162,
            2.488,
            4.5461,
            -3.1621,
            2.05,
            2.4893,
            2.1145,
            2.7957,
            0.606,
            -3.3494,
            -1.8589,
            1.5225,
            -3.4038,
            -1.6863,
            0.5056,
            3.5713,
            2.146,
            -0.8354,
            -1.1362,
            -3.8127,
            0.8047,
            1.0513,
            3.7722,
            -0.4084,
            -2.5513,
            1.4585,
            -5.229,
            -0.0059,
            1.8877,
            0.9004,
            2.0864,
            0.6995,
            -1.6719,
            4.47,
            -0.5061,
            0.9575,
            0.1719,
            1.1648,
            3.585,
            0.0601,
            -1.7605,
            1.3833,
            2.3523,
            1.1025,
            1.0911,
            -0.7976,
            6.0979,
            7.9998,
            2.0889,
            0.2908,
            2.6948,
            -0.0569,
            0.2214,
            7.9998,
            2.9373,
            2.0562,
            5.0039,
            -0.2498,
            2.0872,
            2.1614,
            1.855,
            4.4417,
            3.8906,
            -1.5625,
            -0.9231,
            -2.3835,
            -1.1792,
            0.925,
            6.791,
            0.5229,
            -0.8289,
            -0.3853,
            2.9021,
            7.8564,
            1.4634,
            0.3794,
            4.3044,
            2.2922,
            2.1116,
            2.6675,
            1.2505,
            0.3809,
            1.1611,
            -2.5593,
            3.0139,
            1.5024,
            5.8906,
            2.2441,
            2.7,
            1.5317,
            1.4482,
            -0.0894,
            3.3064,
            -0.7849,
            7.5798,
            -3.3589,
            -0.1182,
            2.6968,
            6.8853,
            -3.019,
            6.1387,
            -0.4773,
            -0.4695,
            2.4954,
            -0.8169,
            0.5913,
            4.6445,
            2.4597,
            7.0178,
            2.6992,
            1.1328,
            -2.2021,
            -2.5642,
            0.2146,
            -0.5469,
            2.7131,
            -2.2576,
            -1.9463,
            -3.4966,
            -0.9092,
            0.5637,
            -1.9087,
            -0.9341,
            2.9707,
            -2.9324,
            -1.9797,
            -2.3337,
            0.0393,
            0.8599,
            1.1714,
            0.0613,
            1.019,
            2.3142,
            1.9211,
            1.1692,
            0.8181,
            0.7297,
            3.8262,
            1.085,
            1.6965,
            3.1743,
            -0.1584,
            6.4524,
            -3.4937,
            -5.1348,
            3.6372,
            5.0479,
            3.8162,
            4.3774,
            2.4963,
            3.9458,
            5.5586,
            -2.2234,
            -1.4019,
            -0.4526,
            0.4639,
            -1.9199,
            -2.5034,
            -1.8696,
            2.7517,
            4.5237,
            4.1758,
            5.4346,
            3.6553,
            -4.0913,
            4.9851,
            0.2642,
            -5.1863,
            -1.4548,
            -0.4529,
            -0.3064,
            4.697,
            -4.8308,
            0.0798,
            3.7673,
            2.3447,
            3.7493,
            2.2534,
            -0.4565,
            0.5935,
            0.5876,
            0.6394,
            2.5437,
            2.4917,
            1.437,
            0.1216,
            3.573,
            1.9136,
            4.3413,
            -0.4915,
            1.7634,
            1.5115,
            0.6477,
            2.8462,
            2.9392,
            1.0928,
            1.9707,
            5.4395,
            1.4683,
            -0.7654,
            0.8691,
            0.3286,
            1.1328,
            1.1731,
            -1.7456,
            2.4651,
            -1.7361,
            -0.3044,
            1.7883,
            0.6567,
            -0.2515,
            -0.3394,
            -0.6133,
            0.6494,
            -0.2417,
            -0.6985,
            -4.2766,
            -1.5154,
            1.2327,
            5.4626,
            0.4504,
            -2.8162,
            2.5769,
            -0.1113,
            1.6582,
            -1.3337,
            -1.1157,
            2.614,
            2.4551,
            0.054,
            2.0608,
            0.6277,
            4.0352,
            5.2932,
            4.0166,
            3.8276,
            -1.9573,
            -4.519,
            4.2354,
            4.4956,
            2.0315,
            2.3799,
            4.1748,
            1.0623,
            2.4495,
            4.6616,
            2.4836,
            3.8818,
            -3.0405,
            -4.1213,
            0.6433,
            1.0176,
            5.8237,
            0.3186,
            0.1985,
            2.3765,
            3.2898,
            -0.4348,
            0.729,
            3.9509,
            -1.7363,
            2.9346,
            -2.9915,
            0.751,
            5.9871,
            -1.458,
            -2.5203,
            0.3083,
            -1.2432,
            1.012,
            1.1416,
            -0.4424,
            2.0076,
            -0.4507,
            0.8572,
            1.6111,
            4.2002,
            0.3638,
            0.9136,
            0.8723,
            0.0381,
            3.5269,
            2.7966,
            1.2903,
            2.5234,
            -0.7844,
            5.1943,
            3.1348,
            -0.6389,
            2.8992,
            4.1265,
            -4.4214,
            0.1165,
            -2.6726,
            1.7974,
            1.5554,
            7.6252,
            2.9351,
            0.6521,
            3.3635,
            1.3499,
            -0.8872,
            3.8567,
            3.1462,
            3.0923,
            -0.6558,
            2.4893,
            0.47,
            2.9841,
            -2.0066,
            0.8433,
            1.0217,
            -0.8367,
            -2.6597,
            -1.7175,
            -0.2476,
            2.4946,
            -4.7178,
            -0.802,
            1.6831,
            -0.6753,
            -0.3127,
            -1.292,
            -1.4363,
            -0.907,
            -0.5522,
            4.7429,
            3.833,
            0.0352,
            1.4844,
            0.6643,
            2.0771,
            -1.5339,
            1.8809,
            -0.6433,
            2.1575,
            2.199,
            3.5073,
            1.7585,
            4.9189,
            1.1121,
            -0.4807,
            3.4087,
            2.3325,
            0.9827,
            2.4856,
            2.9326,
            0.6482,
            0.3733,
            1.3157,
            1.3425,
            0.8608,
            -1.189,
            2.0901,
            2.7576,
            -0.4431,
            0.55,
            2.3672,
            1.0042,
            2.0415,
            2.1077,
            -2.5059,
            2.7849,
            -3.6836,
            -5.4753,
            -0.5457,
            0.7729,
            1.9736,
            1.5327,
            2.1204,
            4.6621,
            -1.8552,
            -2.2881,
            -0.5923,
            2.6765,
            1.9197,
            0.3335,
            1.5735,
            1.5308,
            1.3186,
            1.241,
            -0.2644,
            5.845,
            3.2151,
            -2.0674,
            2.9958,
            2.4241,
            -0.2566,
            2.8059,
            5.1306,
            2.2161,
            5.0789,
            3.7515,
            4.6272,
            4.4624,
            -2.4392,
            0.4224,
            3.2141,
            4.1697,
            2.2957,
            -1.5249,
            0.8499,
            0.7615,
            1.656,
            0.5544,
            3.0017,
            -3.1528,
            -0.5286,
            4.4387,
            -0.698,
            -1.332,
            -0.9951,
            -3.1201,
            1.647,
            0.0115,
            -0.2334,
            2.4307,
            0.5103,
            -1.5015,
            0.3433,
            -0.1367,
            -0.9153,
            0.8591,
            1.187,
            0.332,
            2.6018,
            -1.2427,
            1.5242,
            2.0388,
            0.9536,
            2.4536,
            1.0005,
            1.3669,
            3.8315,
            2.0996,
            2.7024,
            5.1301,
            -0.3215,
            1.1404,
            7.9998,
            0.6006,
            -0.7612,
            -0.0027,
            -1.0571,
            1.5732,
            1.9893,
            1.4214,
            2.2268,
            2.3423,
            1.8794,
            1.26,
            2.3882,
            0.7656,
            1.2275,
            -0.7673,
            -5.3596,
            -0.3989,
            -0.8413,
            6.0007,
            -2.3591,
            -0.2734,
            -3.2502,
            0.6294,
            6.2605,
            -2.9258,
            0.1631,
            3.3123,
            0.8889,
            3.2061,
            -3.7966,
            -3.0645,
            2.6431,
            -1.6304,
            -2.3347,
            0.4534,
            1.5601,
            0.2021,
            1.2258,
            1.7258,
            0.6135,
            1.7219,
            0.5811,
            1.4666,
            2.5195,
            1.3535,
            3.6304,
            2.3865,
            1.0779,
            3.6462,
            2.3237,
            -1.7524,
            0.333,
            0.9546,
            -1.7942,
            1.7126,
            2.6868,
            2.2891,
            1.7468,
            -0.1289,
            1.46,
            0.5881,
            1.407,
            1.8828,
            2.6472,
            -0.8718,
            0.4048,
            -0.9294,
            -0.2068,
            0.9812,
            -0.2803,
            -0.3977,
            -0.4185,
            1.2156,
            6.0942,
            4.7358,
            -0.9644,
            0.1558,
            -1.1482,
            -0.0454,
            -3.2148,
            3.5752,
            0.1521,
            3.0564,
            2.5071,
            1.073,
            -0.3721,
            -0.0544,
            4.24,
            2.929,
            0.5049,
            3.4614,
            3.2507,
            0.2007,
            2.4429,
            -2.3816,
            0.2185,
            -2.5837,
            -1.2974,
            3.5481,
            2.7141,
            -0.5347,
            2.7554,
            4.2754,
            -1.6443,
            -1.0471,
            1.8611,
            -2.4939,
            1.0542,
            5.2441,
            3.6638,
            4.123,
            -2.1099,
            -0.2007,
            7.3987,
            1.1191,
            2.033,
            1.3613,
            0.2153,
            2.2881,
            -3.0303,
            -2.5918,
            1.4219,
            -0.9717,
            -0.2717,
            1.7742,
            1.5479,
            1.5081,
            0.4683,
            -0.1589,
            -1.5691,
            -0.0054,
            1.4075,
            0.2559,
            1.6563,
            1.1621,
            1.1697,
            -0.9988,
            -0.092,
            4.5459,
            2.1846,
            1.8088,
            0.7839,
            1.4634,
            3.0278,
            2.6702,
            3.5229,
            2.0583,
            -5.3906,
            2.4575,
            3.3572,
            1.1514,
            3.0522,
            1.6138,
            -3.0398,
            0.1602,
            -0.3447,
            2.582,
            2.2146,
            4.3809,
            3.4895,
            1.0796,
            0.5642,
            1.335,
            3.394,
            0.4475,
            3.1868,
            2.4934,
            -3.2778,
            -1.0906,
            -3.2102,
            4.6279,
            -1.1367,
            -0.2483,
            0.7581,
            1.0398,
            -0.512,
            -3.8245,
            0.0205,
            3.1741,
            1.5508,
            0.9658,
            1.6438,
            0.4246,
            2.7681,
            1.5906,
            -0.2349,
            0.501,
            2.0371,
            0.1978,
            3.001,
            6.428,
            -0.5151,
            5.9946,
            1.2576,
            2.4492,
            3.3833,
            1.1245,
            3.5388,
            5.4104,
            -0.4001,
            -1.2307,
            3.2537,
            -0.2312,
            1.7241,
            -0.2483,
            2.7051,
            2.5295,
            1.5679,
            -0.6482,
            0.2542,
            0.498,
            0.8948,
            3.2332,
            1.199,
            0.1418,
            -0.228,
            -1.2515,
            0.0593,
            0.4814,
            0.4475,
            -0.6897,
            0.5317,
            5.2432,
            2.1487,
            -1.0317,
            -0.9404,
            -0.9817,
            -1.0518,
            0.688,
            2.8652,
            -1.021,
            3.29,
            -1.9275,
            4.209,
            0.5132,
            -0.8059,
            1.675,
            0.4888,
            -0.228,
            2.4055,
            2.6121,
            -2.7158,
            4.4905,
            -7.2051,
            -0.8164,
            3.1077,
            0.0535,
            2.1206,
            6.2078,
            2.1777,
            1.3567,
            4.4592,
            -0.0007,
            -0.6924,
            3.2332,
            -1.1438,
            0.8484,
            2.0593,
            1.1917,
            1.1667,
            -2.2605,
            -0.7952,
            1.8794,
            -0.2249,
            -0.8342,
            2.0037,
            2.54,
            -1.157,
            2.1482,
            -3.4927,
            -0.989,
            3.4373,
            -1.7192,
            -1.7151,
            2.0239,
            -1.1121,
            1.2388,
            1.8157,
            -1.0706,
            1.1973,
            -0.804,
            0.1042,
            2.5151,
            1.6143,
            1.2026,
            2.332,
            -0.6985,
            -1.4045,
            1.1104,
            1.1226,
            4.5598,
            3.7722,
            2.3955,
            3.1064,
            -0.0425
        ]
    }
]