[
    {
        "timestamp": 1716661760,
        "index": [
            0,
            5,
            10,
            15,
            20,
            25,
            30,
            35,
            40,
            45,
            50,
            55,
            60,
            65,
            70,
            75,
            80,
            85,
            90,
            95,
            100,
            105,
            110,
            115,
            120,
            125,
            130,
            135,
            140,
            145,
            150,
            155,
            160,
            165,
            170,
            175,
            180,
            185,
            190,
            195,
            200,
            205,
            210,
            215,
            220,
            225,
            230,
            235,
            240,
            245,
            250,
            255,
            260,
            265
        ],
        "accelx": [
            -0.0049,
            1.6006,
            -4.2632,
            -1.3291,
            2.27,
            0.6836,
            -0.2974,
            1.9424,
            -0.374,
            -0.3149,
            -0.1548,
            -0.0786,
            0.167,
            0.0205,
            0.0601,
            0.0894,
            0.0117,
            -0.1055,
            -0.0801,
            -0.0923,
            -0.1382,
            -0.0083,
            0.0552,
            -0.0996,
            -0.1196,
            -0.1079,
            -0.0864,
            -0.0107,
            0.0566,
            0.0239,
            -0.0513,
            -0.0903,
            -0.0435,
            -0.0464,
            -0.0425,
            -0.0508,
            -0.0444,
            -0.0298,
            0.0029,
            -0.0215,
            -0.0542,
            -0.0508,
            -0.0498,
            -0.042,
            -0.0366,
            -0.0337,
            -0.0254,
            -0.0312,
            -0.0381,
            -0.0425,
            -0.0435,
            -0.0435,
            -0.0371,
            -0.0342
        ],
        "accely": [
            -0.0112,
            -2.7065,
            -0.978,
            -0.3574,
            -2.5215,
            -0.208,
            0.3306,
            -2.4214,
            -0.4224,
            0.7476,
            0.5508,
            0.1821,
            -0.1929,
            0.0386,
            -0.2886,
            -0.0747,
            0.1475,
            0.2017,
            0.1455,
            -0.0361,
            -0.0654,
            -0.0562,
            -0.0376,
            -0.0073,
            -0.0684,
            -0.1143,
            0.0078,
            0.0215,
            -0.0449,
            0.0049,
            0.0249,
            0.0034,
            -0.0513,
            -0.0635,
            -0.043,
            -0.0259,
            0.0005,
            -0.002,
            -0.0234,
            -0.019,
            -0.0176,
            -0.0254,
            -0.0317,
            -0.0308,
            -0.0273,
            -0.0112,
            -0.0117,
            -0.019,
            -0.0215,
            -0.0269,
            -0.0269,
            -0.0244,
            -0.022,
            -0.021
        ],
        "accelz": [
            0.1631,
            3.3071,
            6.4751,
            -7.7915,
            6.0444,
            8.0127,
            -4.2729,
            5.6851,
            1.5332,
            0.5532,
            -0.9575,
            -2.8872,
            -1.3242,
            0.7148,
            2.7642,
            3.3149,
            0.8188,
            0.1304,
            -0.0605,
            0.6973,
            1.4849,
            1.8843,
            1.4116,
            0.71,
            0.3789,
            0.6401,
            1.104,
            1.4111,
            1.2456,
            0.9614,
            0.8374,
            0.9131,
            1.0293,
            1.0742,
            0.9775,
            0.8999,
            0.9424,
            1.0649,
            1.1045,
            1.043,
            0.9585,
            0.9277,
            0.9727,
            1.0132,
            1.0098,
            0.9937,
            0.9995,
            1.0239,
            1.0225,
            0.9961,
            0.9722,
            0.9692,
            0.9961,
            1.0127
        ],
        "impact_id": 0
    },
    {
        "timestamp": 1716661760,
        "index": [
            0,
            5,
            10,
            15,
            20,
            25,
            30,
            35,
            40,
            45,
            50,
            55,
            60,
            65,
            70,
            75,
            80,
            85,
            90,
            95,
            100,
            105,
            110,
            115,
            120,
            125,
            130,
            135,
            140,
            145,
            150,
            155,
            160,
            165,
            170,
            175,
            180,
            185,
            190,
            195,
            200,
            205,
            210,
            215,
            220,
            225
        ],
        "accelx": [
            0.1108,
            -2.7129,
            0.6211,
            -0.3794,
            0.0332,
            0.0918,
            0.356,
            -0.1147,
            -0.0688,
            0.145,
            0.0723,
            0.0225,
            0.1284,
            0.25,
            -0.2485,
            -0.1592,
            -0.1758,
            -0.0073,
            0.001,
            -0.0591,
            0.0269,
            0.061,
            -0.0068,
            -0.1206,
            -0.1465,
            -0.0835,
            -0.0425,
            -0.0156,
            0.0137,
            -0.0029,
            -0.0088,
            -0.0039,
            -0.0532,
            -0.0913,
            -0.0713,
            -0.0581,
            -0.0269,
            -0.0093,
            -0.0088,
            -0.02,
            -0.0332,
            -0.0571,
            -0.062,
            -0.0508,
            -0.0361,
            -0.0181
        ],
        "accely": [
            -0.0996,
            -0.7529,
            0.9536,
            -0.0059,
            0.2988,
            -0.1284,
            0.2119,
            0.4058,
            -0.0557,
            0.2202,
            0.1167,
            0.1099,
            -0.0503,
            -0.3418,
            -0.2754,
            0.2471,
            -0.002,
            -0.1128,
            -0.2412,
            -0.0796,
            0.228,
            0.147,
            -0.0566,
            -0.1299,
            -0.0835,
            -0.042,
            -0.0605,
            -0.0195,
            0.0059,
            0.042,
            0.022,
            -0.042,
            -0.04,
            -0.0396,
            -0.0459,
            -0.04,
            -0.0215,
            -0.0078,
            -0.0015,
            -0.0044,
            -0.0229,
            -0.0352,
            -0.042,
            -0.0405,
            -0.021,
            -0.0083
        ],
        "accelz": [
            1.3916,
            8.5278,
            2.5063,
            -1.8535,
            -0.1323,
            0.7632,
            0.2705,
            -0.3809,
            1.5864,
            0.5483,
            1.1147,
            0.7261,
            1.8096,
            3.5918,
            2.522,
            -0.4014,
            0.0127,
            -0.0142,
            1.3555,
            2.0117,
            1.9565,
            0.9844,
            0.5615,
            0.6167,
            0.8853,
            1.1094,
            1.1035,
            0.9673,
            0.9409,
            1.0439,
            1.1401,
            1.0815,
            0.9502,
            0.8882,
            0.8872,
            0.9595,
            1.0557,
            1.0645,
            1.04,
            1.02,
            1.0059,
            0.9805,
            0.959,
            0.9482,
            0.9985,
            1.0317
        ],
        "impact_id": 1
    },
    {
        "timestamp": 1716661888,
        "index": [
            0,
            5,
            10,
            15,
            20,
            25,
            30,
            35,
            40,
            45,
            50,
            55,
            60,
            65,
            70,
            75,
            80,
            85,
            90,
            95,
            100,
            105,
            110,
            115,
            120,
            125,
            130,
            135,
            140,
            145,
            150,
            155,
            160,
            165,
            170,
            175,
            180,
            185,
            190,
            195,
            200,
            205
        ],
        "accelx": [
            -0.0498,
            1.3159,
            -0.4692,
            -0.0732,
            -0.3457,
            0.0508,
            0.0967,
            0.0171,
            -0.1812,
            0.021,
            0.1016,
            -0.1021,
            -0.2334,
            -0.2192,
            -0.0845,
            0.0288,
            0.0391,
            0.0112,
            0.0093,
            0.0024,
            -0.0571,
            -0.0879,
            -0.0747,
            -0.0552,
            -0.0513,
            -0.0249,
            -0.0112,
            0.0049,
            -0.0161,
            -0.0522,
            -0.0742,
            -0.0498,
            -0.0371,
            -0.0371,
            -0.0264,
            -0.0195,
            -0.0151,
            -0.0376,
            -0.0576,
            -0.0513,
            -0.0361,
            -0.0293
        ],
        "accely": [
            -0.5933,
            -0.458,
            0.0269,
            0.561,
            1.4985,
            0.2974,
            -0.002,
            0.1577,
            0.231,
            -0.0356,
            -0.1538,
            -0.1416,
            0.02,
            -0.0889,
            -0.1816,
            -0.0469,
            0.0977,
            0.0884,
            0.0078,
            -0.021,
            -0.0093,
            -0.0498,
            -0.0767,
            -0.0557,
            -0.0361,
            0.002,
            0.0132,
            -0.0137,
            -0.0166,
            -0.0161,
            -0.0347,
            -0.0444,
            -0.04,
            -0.0166,
            -0.002,
            -0.0068,
            -0.0239,
            -0.0254,
            -0.0254,
            -0.0352,
            -0.0303,
            -0.0215
        ],
        "accelz": [
            2.9233,
            4.6914,
            2.4541,
            1.3638,
            -2.5698,
            0.3291,
            -0.0444,
            0.9741,
            1.0254,
            1.8525,
            1.9219,
            0.9751,
            0.1152,
            0.2705,
            0.9146,
            1.4795,
            1.4053,
            1.1025,
            0.8501,
            0.8364,
            1.0156,
            1.1157,
            1.0171,
            0.8398,
            0.8511,
            1.043,
            1.1582,
            1.0947,
            0.9731,
            0.9214,
            0.9658,
            0.998,
            0.9897,
            0.9795,
            1.0024,
            1.0381,
            1.0386,
            1.0015,
            0.9575,
            0.9546,
            0.9951,
            1.0225
        ],
        "impact_id": 2
    },
    {
        "timestamp": 1716662272,
        "index": [
            0,
            5,
            10,
            15,
            20,
            25,
            30,
            35,
            40,
            45,
            50,
            55,
            60,
            65,
            70,
            75,
            80,
            85,
            90,
            95,
            100,
            105,
            110,
            115,
            120,
            125,
            130,
            135,
            140,
            145,
            150,
            155,
            160,
            165,
            170,
            175,
            180,
            185,
            190,
            195,
            200,
            205,
            210,
            215,
            220,
            225,
            230,
            235
        ],
        "accelx": [
            0.0542,
            0.6357,
            1.0942,
            2.0532,
            0.8569,
            -3.3896,
            -1.7959,
            1.7373,
            2.8193,
            -0.2646,
            0.2446,
            -0.5283,
            -0.1035,
            -0.2734,
            -0.1973,
            -0.2749,
            -0.2344,
            -0.4209,
            -0.2153,
            -0.0649,
            -0.0361,
            0.2876,
            0.1069,
            -0.0308,
            -0.0273,
            -0.0542,
            -0.1138,
            -0.0996,
            -0.0361,
            -0.0151,
            -0.0181,
            -0.0029,
            0.0054,
            -0.0166,
            -0.0391,
            -0.0801,
            -0.0703,
            -0.0332,
            -0.0269,
            -0.0293,
            -0.0195,
            -0.0161,
            -0.0239,
            -0.04,
            -0.0566,
            -0.0483,
            -0.0361,
            -0.0312
        ],
        "accely": [
            -0.127,
            -0.2109,
            -0.918,
            -0.3027,
            -0.5796,
            2.1411,
            0.4248,
            2.8037,
            -0.1616,
            0.5518,
            -0.0986,
            -0.7666,
            -0.1929,
            -0.0566,
            -0.0137,
            -0.0239,
            0.0518,
            -0.1167,
            -0.1187,
            -0.1694,
            -0.1069,
            -0.0557,
            0.1685,
            0.1548,
            -0.1245,
            -0.1348,
            -0.0396,
            -0.0381,
            -0.0464,
            -0.0186,
            0.0112,
            0.0112,
            -0.0122,
            -0.0259,
            -0.0283,
            -0.0264,
            -0.0425,
            -0.0439,
            -0.0186,
            -0.0034,
            -0.0039,
            -0.0161,
            -0.022,
            -0.0234,
            -0.0264,
            -0.0366,
            -0.0337,
            -0.0166
        ],
        "accelz": [
            -0.0146,
            6.5625,
            5.9263,
            -1.0791,
            0.394,
            3.2476,
            -2.4028,
            -3.2422,
            -0.5259,
            -1.0879,
            0.751,
            3.0718,
            1.4688,
            1.6016,
            1.1138,
            3.1367,
            1.1313,
            0.6304,
            0.1875,
            0.6948,
            1.3335,
            1.2813,
            1.4673,
            0.9033,
            0.876,
            0.8696,
            0.9116,
            1.0371,
            0.9785,
            0.9409,
            0.9888,
            1.0625,
            1.105,
            1.0532,
            0.9585,
            0.8994,
            0.9375,
            0.9995,
            1.0249,
            1.0098,
            1.0,
            1.0225,
            1.0361,
            1.0034,
            0.9512,
            0.9453,
            0.9863,
            1.0161
        ],
        "impact_id": 3
    },
    {
        "timestamp": 1716662272,
        "index": [
            0,
            5,
            10,
            15,
            20,
            25,
            30,
            35,
            40,
            45,
            50,
            55,
            60,
            65,
            70,
            75,
            80,
            85,
            90,
            95,
            100,
            105,
            110,
            115,
            120,
            125,
            130,
            135,
            140,
            145,
            150,
            155,
            160,
            165,
            170,
            175,
            180,
            185,
            190,
            195,
            200,
            205,
            210,
            215,
            220,
            225,
            230,
            235,
            240,
            245,
            250,
            255,
            260,
            265,
            270,
            275,
            280,
            285,
            290,
            295,
            300,
            305,
            310,
            315
        ],
        "accelx": [
            -0.0312,
            -1.1318,
            -3.9463,
            -0.3276,
            -0.918,
            -0.0459,
            0.6885,
            0.2432,
            -0.2324,
            -0.2402,
            -0.687,
            -0.1055,
            0.061,
            -0.0435,
            0.0,
            -0.1304,
            -0.0747,
            -0.0508,
            -0.041,
            0.0288,
            -0.6904,
            -1.3613,
            -0.7007,
            -0.1978,
            -0.0269,
            0.2754,
            -0.1416,
            0.0518,
            -0.0332,
            0.2026,
            0.1909,
            -0.1064,
            -0.1143,
            -0.2153,
            -0.1689,
            -0.1479,
            0.0825,
            0.0493,
            -0.0054,
            -0.0034,
            0.042,
            -0.0635,
            -0.0952,
            -0.0713,
            -0.0518,
            -0.0454,
            -0.0166,
            0.0059,
            0.0044,
            -0.0088,
            -0.0591,
            -0.0684,
            -0.0522,
            -0.0425,
            -0.0239,
            -0.0127,
            -0.0161,
            -0.0186,
            -0.0356,
            -0.0503,
            -0.0483,
            -0.0415,
            -0.0317,
            -0.0195
        ],
        "accely": [
            -0.0215,
            -2.0371,
            2.5483,
            1.6284,
            2.2744,
            3.0283,
            -1.3877,
            -0.793,
            0.3564,
            0.0718,
            -0.3633,
            -0.8232,
            -0.1611,
            0.3311,
            0.1128,
            -0.1123,
            -0.0649,
            -0.0308,
            0.0103,
            0.1021,
            -0.2104,
            -0.5083,
            0.1191,
            0.1621,
            0.0205,
            0.0327,
            -0.2051,
            -0.1528,
            0.3584,
            0.1836,
            0.0537,
            0.0396,
            -0.2124,
            -0.1704,
            -0.21,
            -0.0937,
            -0.0376,
            0.1035,
            0.1201,
            0.04,
            -0.0518,
            -0.0312,
            -0.0469,
            -0.0674,
            -0.0635,
            -0.0273,
            -0.001,
            0.0112,
            -0.0005,
            -0.0181,
            -0.0244,
            -0.0376,
            -0.0479,
            -0.0366,
            -0.019,
            -0.0103,
            -0.0044,
            -0.0146,
            -0.0283,
            -0.0337,
            -0.0391,
            -0.0312,
            -0.0205,
            -0.0151
        ],
        "accelz": [
            0.623,
            15.9995,
            4.8213,
            3.624,
            0.3608,
            -1.9565,
            -1.5327,
            5.5273,
            0.6001,
            0.064,
            1.2271,
            1.084,
            1.127,
            -0.1392,
            -0.0029,
            0.2158,
            0.229,
            0.3325,
            0.4497,
            3.3135,
            4.7466,
            4.8159,
            0.0684,
            -0.6548,
            0.2588,
            0.6377,
            0.9277,
            0.6333,
            1.4077,
            1.5342,
            1.623,
            1.0137,
            0.1152,
            0.4507,
            0.7534,
            1.0713,
            1.2896,
            1.3223,
            1.1807,
            0.8789,
            0.8584,
            0.9224,
            1.0767,
            1.0371,
            0.8945,
            0.8711,
            0.9961,
            1.1182,
            1.1401,
            1.0366,
            0.9185,
            0.9097,
            0.9629,
            1.0146,
            1.0239,
            1.0161,
            1.0142,
            1.0186,
            1.0039,
            0.9819,
            0.958,
            0.9663,
            1.0088,
            1.0347
        ],
        "impact_id": 4
    },
    {
        "timestamp": 1716662272,
        "index": [
            0,
            5,
            10,
            15,
            20,
            25,
            30,
            35,
            40,
            45,
            50,
            55,
            60,
            65,
            70,
            75,
            80,
            85,
            90,
            95,
            100,
            105,
            110,
            115,
            120,
            125,
            130,
            135,
            140,
            145,
            150,
            155,
            160,
            165,
            170,
            175,
            180,
            185,
            190,
            195,
            200,
            205,
            210,
            215,
            220,
            225,
            230,
            235,
            240,
            245
        ],
        "accelx": [
            -0.0049,
            1.3721,
            3.6494,
            3.3662,
            0.9316,
            -1.3789,
            0.0449,
            -0.4185,
            0.4131,
            -0.6514,
            -0.2344,
            0.0264,
            -0.0054,
            0.1001,
            0.2759,
            -0.7529,
            -0.397,
            -0.7021,
            0.0586,
            0.1333,
            -0.2104,
            -0.0474,
            0.0952,
            0.0386,
            -0.0923,
            -0.0083,
            0.0571,
            0.0381,
            -0.043,
            -0.1133,
            -0.0942,
            -0.0557,
            -0.0376,
            -0.0142,
            -0.0107,
            -0.001,
            -0.0098,
            -0.043,
            -0.0742,
            -0.0576,
            -0.0269,
            -0.0273,
            -0.0298,
            -0.0342,
            -0.0415,
            -0.0459,
            -0.0425,
            -0.0317,
            -0.0322,
            -0.0278
        ],
        "accely": [
            -0.02,
            0.1675,
            -1.7534,
            4.2739,
            0.1118,
            1.3062,
            0.7886,
            -0.0459,
            -0.5869,
            0.0586,
            0.23,
            0.0107,
            -0.0054,
            -0.0415,
            -0.0024,
            0.7383,
            0.4424,
            0.5137,
            -0.8218,
            -0.0679,
            -0.1333,
            -0.1797,
            -0.1035,
            0.0786,
            0.189,
            0.0835,
            -0.0518,
            -0.0674,
            -0.0083,
            -0.0205,
            -0.0698,
            -0.062,
            -0.0391,
            0.0049,
            0.0146,
            -0.0083,
            -0.0176,
            -0.0269,
            -0.0303,
            -0.0435,
            -0.0122,
            -0.0107,
            -0.019,
            -0.0239,
            -0.0239,
            -0.0298,
            -0.0278,
            -0.0195,
            -0.0195,
            -0.0186
        ],
        "accelz": [
            0.3208,
            6.689,
            -0.7651,
            -1.9038,
            -0.8726,
            0.5083,
            1.0337,
            -0.002,
            -0.0122,
            3.5288,
            -0.7026,
            -0.0732,
            0.6025,
            1.5791,
            7.4395,
            -0.4946,
            -1.0117,
            -3.2275,
            1.2588,
            1.2969,
            0.4707,
            0.8931,
            1.2837,
            1.3706,
            1.4121,
            0.9546,
            0.8281,
            0.9351,
            1.0776,
            1.0942,
            0.9517,
            0.8086,
            0.8994,
            1.082,
            1.1553,
            1.082,
            0.9688,
            0.9316,
            0.9619,
            0.9878,
            1.0254,
            1.0098,
            1.0044,
            1.0005,
            0.999,
            0.9834,
            0.9766,
            0.9917,
            1.0146,
            1.02
        ],
        "impact_id": 5
    }
]