[
    {
        "timestamp": 1716658304,
        "index": [
            0,
            5,
            10,
            15,
            20,
            25,
            30,
            35,
            40,
            45,
            50,
            55,
            60,
            65,
            70,
            75,
            80,
            85,
            90,
            95,
            100,
            105,
            110,
            115,
            120,
            125,
            130,
            135,
            140,
            145,
            150,
            155,
            160,
            165,
            170,
            175,
            180,
            185,
            190
        ],
        "accelx": [
            0.5405,
            0.1802,
            -0.6787,
            -0.6143,
            -0.5371,
            -0.0083,
            -0.2031,
            0.7734,
            2.9248,
            -0.4077,
            -0.0776,
            -0.0391,
            -0.0386,
            0.1592,
            -0.1953,
            -0.188,
            -0.3013,
            -0.2275,
            -0.0791,
            -0.0244,
            -0.1436,
            -0.0137,
            -0.0459,
            -0.0728,
            -0.0024,
            -0.0259,
            -0.019,
            0.0049,
            -0.0103,
            -0.0132,
            0.0015,
            -0.0132,
            -0.0103,
            -0.0098,
            -0.0132,
            -0.0132,
            -0.0078,
            -0.0073,
            -0.0171
        ],
        "accely": [
            -0.3154,
            0.1309,
            -0.6572,
            0.1729,
            -0.0986,
            -0.251,
            -0.0752,
            2.8916,
            -1.0117,
            3.502,
            0.1094,
            -0.6152,
            -0.4707,
            -1.3994,
            -0.0928,
            -0.1196,
            -0.0117,
            -0.0679,
            -0.0127,
            -0.1797,
            0.0952,
            -0.0283,
            -0.0273,
            0.0078,
            -0.0181,
            -0.0186,
            -0.0386,
            -0.042,
            -0.0278,
            -0.0605,
            -0.062,
            -0.043,
            -0.0322,
            -0.0332,
            -0.043,
            -0.0249,
            -0.0215,
            -0.0244,
            -0.0137
        ],
        "accelz": [
            3.6211,
            4.4346,
            -0.0415,
            -1.7119,
            0.2866,
            -0.4111,
            -0.7646,
            -11.1616,
            8.4121,
            -4.8164,
            -1.0088,
            5.8452,
            1.0532,
            4.5254,
            0.3809,
            -0.2461,
            1.0195,
            0.8623,
            0.6318,
            0.8203,
            1.1113,
            0.5127,
            0.8999,
            1.1133,
            0.8286,
            1.0068,
            1.0435,
            0.9385,
            0.98,
            1.0347,
            0.9824,
            0.9937,
            0.9941,
            0.9951,
            0.9883,
            1.002,
            0.9883,
            0.9844,
            1.0034
        ],
        "impact_id": 0
    },
    {
        "timestamp": 1716658304,
        "index": [
            0,
            5,
            10,
            15,
            20,
            25,
            30,
            35,
            40,
            45,
            50,
            55,
            60,
            65,
            70,
            75,
            80,
            85,
            90,
            95,
            100,
            105,
            110,
            115,
            120,
            125,
            130,
            135,
            140,
            145,
            150,
            155,
            160,
            165
        ],
        "accelx": [
            0.0889,
            -1.2563,
            -0.9136,
            -1.7002,
            -2.3672,
            0.9023,
            -0.5264,
            -0.7002,
            -0.0361,
            -0.1909,
            -0.2734,
            -0.1626,
            0.1587,
            0.1597,
            0.019,
            0.0776,
            0.0371,
            0.0762,
            0.0791,
            0.0444,
            -0.0122,
            -0.0454,
            -0.0396,
            0.0049,
            -0.0132,
            -0.0024,
            -0.02,
            -0.0166,
            -0.0005,
            0.0024,
            0.0068,
            0.0205,
            -0.0054,
            0.002
        ],
        "accely": [
            -0.123,
            -0.2646,
            -1.7563,
            1.707,
            4.0859,
            -0.5107,
            -0.833,
            0.1182,
            -0.4502,
            -0.2896,
            -0.2559,
            -0.1646,
            0.1377,
            0.1519,
            0.0527,
            -0.0781,
            0.1025,
            0.167,
            -0.022,
            0.0181,
            -0.0576,
            0.0049,
            0.0205,
            -0.0474,
            -0.0278,
            -0.0107,
            0.0093,
            0.0063,
            0.0103,
            -0.0088,
            -0.0142,
            -0.0361,
            -0.0439,
            -0.0547
        ],
        "accelz": [
            0.0967,
            5.4878,
            5.1782,
            -6.0215,
            -1.874,
            4.23,
            5.04,
            0.2437,
            0.2129,
            0.9761,
            2.0444,
            0.9175,
            0.2954,
            1.3369,
            0.6948,
            1.2656,
            1.1152,
            0.9438,
            1.2505,
            0.8853,
            0.9946,
            1.0396,
            0.9146,
            1.064,
            1.0059,
            1.0376,
            1.0,
            0.9512,
            1.0366,
            0.999,
            0.9653,
            1.0454,
            0.9971,
            0.9844
        ],
        "impact_id": 1
    },
    {
        "timestamp": 1716660480,
        "index": [
            0,
            5,
            10,
            15,
            20,
            25,
            30,
            35,
            40,
            45,
            50,
            55,
            60,
            65,
            70,
            75,
            80,
            85,
            90,
            95,
            100,
            105,
            110,
            115,
            120,
            125,
            130,
            135,
            140
        ],
        "accelx": [
            -0.019,
            -0.1533,
            0.4375,
            -0.6221,
            0.2588,
            -0.0088,
            0.043,
            -0.3643,
            -0.7412,
            -0.3779,
            -0.4683,
            -0.0347,
            -0.1323,
            -0.0474,
            -0.0947,
            -0.1079,
            -0.0269,
            0.082,
            0.1479,
            0.1797,
            0.1626,
            0.1416,
            0.1245,
            0.1035,
            0.0723,
            0.0483,
            0.0342,
            0.0234,
            0.0034
        ],
        "accely": [
            -0.0308,
            0.0273,
            0.124,
            0.0693,
            0.002,
            -0.1069,
            0.0542,
            0.0762,
            0.1357,
            0.2334,
            0.1499,
            0.2305,
            0.0635,
            0.0532,
            0.0649,
            0.1099,
            0.0884,
            0.0425,
            -0.0078,
            -0.0308,
            -0.0225,
            -0.0396,
            -0.041,
            -0.0439,
            -0.0322,
            -0.0405,
            -0.0537,
            -0.0537,
            -0.0566
        ],
        "accelz": [
            1.1899,
            4.0898,
            0.645,
            3.0781,
            0.8423,
            0.8447,
            -0.1724,
            -0.6338,
            -0.8516,
            0.166,
            2.2388,
            0.7905,
            1.1934,
            1.1772,
            0.8066,
            1.0386,
            0.8071,
            0.8462,
            0.9526,
            0.8726,
            0.9214,
            0.9058,
            0.9082,
            0.9185,
            0.918,
            0.9429,
            0.958,
            0.96,
            0.9556
        ],
        "impact_id": 2
    },
    {
        "timestamp": 1716660480,
        "index": [
            0,
            5,
            10,
            15,
            20,
            25,
            30,
            35,
            40,
            45,
            50,
            55,
            60,
            65,
            70,
            75,
            80,
            85,
            90,
            95,
            100,
            105,
            110,
            115,
            120,
            125,
            130,
            135,
            140,
            145,
            150,
            155,
            160,
            165,
            170,
            175,
            180,
            185,
            190,
            195,
            200,
            205,
            210,
            215,
            220
        ],
        "accelx": [
            0.0591,
            0.0693,
            0.2964,
            -1.1016,
            -0.2646,
            -0.0161,
            -0.1079,
            -0.0234,
            -0.3965,
            -0.0757,
            0.1455,
            0.2358,
            0.0674,
            -0.1528,
            -0.1333,
            -0.002,
            -0.2788,
            -0.0669,
            0.1714,
            0.0918,
            -0.0225,
            -0.0298,
            -0.1597,
            -0.105,
            -0.0156,
            0.0005,
            -0.0107,
            -0.0757,
            0.0,
            0.0195,
            -0.0166,
            -0.041,
            -0.062,
            -0.063,
            -0.0146,
            0.0039,
            -0.0278,
            -0.0503,
            -0.0396,
            -0.021,
            -0.0117,
            -0.0166,
            -0.0337,
            -0.061,
            -0.0464
        ],
        "accely": [
            -0.25,
            1.5454,
            -3.0586,
            0.8145,
            0.2007,
            0.2759,
            0.3574,
            -0.3271,
            0.4341,
            0.1919,
            -0.292,
            0.3921,
            -0.313,
            -0.2959,
            -0.1724,
            -0.1875,
            0.0425,
            0.0327,
            -0.1699,
            0.0171,
            -0.0586,
            0.0522,
            -0.0464,
            -0.1079,
            -0.0781,
            -0.0352,
            -0.0312,
            -0.0083,
            -0.0439,
            0.0063,
            0.0049,
            -0.0054,
            -0.0723,
            -0.0591,
            -0.0576,
            -0.0356,
            -0.0103,
            -0.0024,
            -0.0073,
            -0.0308,
            -0.0479,
            -0.0483,
            -0.0469,
            -0.0288,
            -0.0254
        ],
        "accelz": [
            -0.1475,
            6.8291,
            5.7515,
            0.5742,
            -0.6719,
            -0.3179,
            0.3174,
            0.5942,
            0.0791,
            -0.1323,
            1.0244,
            3.3018,
            2.5771,
            -0.1074,
            -0.1924,
            0.5752,
            1.5684,
            1.0269,
            2.2461,
            1.7964,
            0.5869,
            0.8027,
            0.5073,
            1.106,
            1.3076,
            1.019,
            0.7935,
            0.9038,
            1.1313,
            1.2993,
            1.0215,
            0.9038,
            0.7769,
            0.9829,
            1.0698,
            1.0059,
            0.9658,
            1.0112,
            1.0586,
            1.0601,
            1.0264,
            0.957,
            0.9136,
            0.9697,
            0.9995
        ],
        "impact_id": 3
    },
    {
        "timestamp": 1716660864,
        "index": [
            0,
            5,
            10,
            15,
            20,
            25,
            30,
            35,
            40,
            45,
            50,
            55,
            60,
            65,
            70,
            75,
            80,
            85,
            90,
            95,
            100,
            105,
            110,
            115,
            120,
            125,
            130,
            135,
            140,
            145,
            150,
            155,
            160,
            165,
            170,
            175,
            180,
            185,
            190,
            195,
            200,
            205,
            210,
            215,
            220,
            225,
            230,
            235,
            240,
            245,
            250,
            255
        ],
        "accelx": [
            1.9146,
            -2.0244,
            0.2529,
            0.8833,
            -0.0093,
            0.6631,
            0.1724,
            -0.1699,
            -0.8174,
            0.3232,
            1.0464,
            0.623,
            0.1128,
            -0.0835,
            -0.2197,
            -0.4858,
            -0.1143,
            -0.0967,
            -0.1289,
            -0.0679,
            -0.0742,
            0.0649,
            0.1108,
            0.0552,
            0.0566,
            -0.0635,
            -0.0405,
            -0.061,
            -0.0825,
            -0.0625,
            -0.0776,
            -0.0684,
            -0.0508,
            -0.0269,
            -0.0029,
            0.0254,
            0.0063,
            -0.0234,
            -0.0522,
            -0.0513,
            -0.0439,
            -0.0396,
            -0.0464,
            -0.0479,
            -0.0352,
            -0.0293,
            -0.0225,
            -0.0376,
            -0.0386,
            -0.0283,
            -0.0264,
            -0.0303
        ],
        "accely": [
            0.1089,
            1.9224,
            -2.6265,
            0.2427,
            0.0542,
            -0.1909,
            -0.1533,
            -0.9966,
            -0.1787,
            -0.1611,
            0.1997,
            -0.2617,
            0.0811,
            0.1514,
            -0.0952,
            -0.0986,
            -0.0386,
            -0.0586,
            0.0142,
            -0.0522,
            0.0176,
            -0.0654,
            -0.0469,
            0.0288,
            -0.0103,
            0.0776,
            -0.0425,
            -0.0835,
            -0.0737,
            -0.0518,
            -0.021,
            -0.0259,
            -0.0532,
            -0.0693,
            -0.0518,
            -0.0464,
            -0.0381,
            -0.0161,
            0.0264,
            0.0205,
            -0.0093,
            -0.0376,
            -0.0591,
            -0.0562,
            -0.0444,
            -0.0508,
            -0.0571,
            -0.0469,
            -0.041,
            -0.0366,
            -0.0117,
            0.0005
        ],
        "accelz": [
            2.4102,
            5.5337,
            10.6133,
            0.8755,
            2.978,
            1.813,
            0.8213,
            3.1592,
            2.2456,
            2.1709,
            3.1616,
            0.8667,
            0.1318,
            -0.1733,
            0.5688,
            1.7085,
            1.6826,
            0.8643,
            0.5649,
            0.9287,
            1.145,
            1.2905,
            1.2129,
            0.8345,
            0.7793,
            1.0723,
            1.231,
            0.9731,
            0.7476,
            0.7959,
            1.1069,
            1.2227,
            1.0361,
            0.8721,
            0.8848,
            1.0547,
            1.1582,
            1.0103,
            0.8765,
            0.8984,
            1.0278,
            1.0684,
            1.0215,
            0.9639,
            0.9619,
            1.0225,
            1.0273,
            0.9878,
            0.9585,
            0.9683,
            1.0078,
            1.0303
        ],
        "impact_id": 4
    },
    {
        "timestamp": 1716660864,
        "index": [
            0,
            5,
            10,
            15,
            20,
            25,
            30,
            35,
            40,
            45,
            50,
            55,
            60,
            65,
            70,
            75,
            80,
            85,
            90,
            95,
            100,
            105,
            110,
            115,
            120,
            125,
            130,
            135,
            140,
            145,
            150,
            155,
            160,
            165,
            170,
            175,
            180,
            185,
            190,
            195,
            200,
            205,
            210,
            215,
            220,
            225,
            230,
            235,
            240,
            245,
            250,
            255,
            260
        ],
        "accelx": [
            -0.0024,
            2.522,
            2.7847,
            -0.6885,
            0.1758,
            0.4746,
            0.2759,
            0.2207,
            -0.228,
            -0.0835,
            0.3496,
            0.0317,
            0.7158,
            0.2046,
            -0.2266,
            -0.1382,
            -0.2129,
            -0.4844,
            -0.0103,
            -0.0952,
            -0.1392,
            0.0054,
            -0.0337,
            0.0806,
            0.0215,
            -0.0161,
            -0.0249,
            -0.0273,
            -0.084,
            -0.0747,
            -0.0688,
            -0.0254,
            0.0073,
            -0.0083,
            -0.04,
            -0.0581,
            -0.0298,
            0.0254,
            -0.002,
            -0.0469,
            -0.0718,
            -0.0947,
            -0.0527,
            -0.0098,
            -0.002,
            -0.0229,
            -0.0513,
            -0.04,
            -0.0137,
            -0.0225,
            -0.0303,
            -0.0483,
            -0.0591
        ],
        "accely": [
            -0.0723,
            2.7822,
            -3.1982,
            3.1733,
            0.9399,
            1.2544,
            -0.9551,
            -0.0503,
            0.6328,
            0.0649,
            -0.2969,
            0.2529,
            -0.0366,
            -0.084,
            0.0723,
            -0.0132,
            -0.124,
            0.0342,
            -0.1455,
            0.062,
            -0.0396,
            -0.0566,
            0.0801,
            0.0186,
            -0.0566,
            -0.0845,
            -0.0664,
            -0.022,
            -0.062,
            -0.0708,
            -0.0259,
            0.0259,
            0.0288,
            -0.0146,
            -0.0693,
            -0.0669,
            -0.0366,
            -0.0205,
            -0.0474,
            -0.0464,
            -0.0371,
            -0.0376,
            -0.0215,
            -0.0122,
            -0.0083,
            0.0049,
            -0.0156,
            -0.0596,
            -0.0864,
            -0.0562,
            -0.0361,
            -0.0298,
            -0.0239
        ],
        "accelz": [
            0.4072,
            6.127,
            3.9116,
            -3.71,
            2.0,
            -1.9502,
            1.0366,
            -0.5781,
            -0.4302,
            -1.4917,
            1.8574,
            2.7383,
            1.4961,
            0.5786,
            -0.9707,
            -0.1274,
            1.1792,
            1.8618,
            1.9473,
            0.6177,
            0.4434,
            0.6055,
            1.1753,
            1.375,
            1.2969,
            0.7329,
            0.8086,
            0.8794,
            0.8984,
            0.8506,
            0.9409,
            1.1563,
            1.2085,
            1.02,
            0.8843,
            0.9375,
            1.0596,
            1.1138,
            1.061,
            0.8877,
            0.8013,
            0.9268,
            1.0557,
            1.0898,
            1.0679,
            0.9937,
            0.9648,
            1.0034,
            1.0464,
            1.0093,
            0.9175,
            0.9023,
            0.9888
        ],
        "impact_id": 5
    },
    {
        "timestamp": 1716660864,
        "index": [
            0,
            5,
            10,
            15,
            20,
            25,
            30,
            35,
            40,
            45,
            50,
            55,
            60,
            65,
            70,
            75,
            80,
            85,
            90,
            95,
            100,
            105,
            110,
            115,
            120,
            125,
            130,
            135,
            140,
            145,
            150,
            155,
            160,
            165,
            170
        ],
        "accelx": [
            -0.2559,
            -0.0166,
            0.2603,
            0.1577,
            -0.2358,
            0.0879,
            0.0098,
            0.0215,
            -0.002,
            -0.0249,
            0.021,
            0.0107,
            0.0059,
            -0.0337,
            -0.0908,
            -0.0986,
            -0.0518,
            -0.0146,
            0.001,
            -0.002,
            -0.0093,
            -0.0303,
            -0.061,
            -0.0669,
            -0.0552,
            -0.0298,
            -0.0166,
            -0.0137,
            -0.019,
            -0.0259,
            -0.0332,
            -0.0474,
            -0.0464,
            -0.041,
            -0.0356
        ],
        "accely": [
            0.0356,
            -0.1133,
            0.1167,
            -0.103,
            -0.0015,
            -0.0449,
            -0.1436,
            0.0635,
            0.2295,
            0.0815,
            0.0874,
            -0.0371,
            -0.0571,
            -0.0488,
            -0.0396,
            -0.0215,
            -0.04,
            -0.0269,
            -0.0049,
            0.0103,
            0.001,
            -0.0283,
            -0.0371,
            -0.0415,
            -0.0298,
            -0.02,
            -0.0112,
            -0.0054,
            -0.0073,
            -0.0151,
            -0.0239,
            -0.0303,
            -0.0288,
            -0.0278,
            -0.0244
        ],
        "accelz": [
            1.769,
            4.9331,
            1.5015,
            -0.123,
            -0.3789,
            -0.1821,
            1.0586,
            1.2925,
            1.252,
            1.2295,
            1.1567,
            1.0508,
            0.959,
            0.9199,
            0.9453,
            0.9443,
            0.9282,
            0.9775,
            1.0562,
            1.1021,
            1.0645,
            0.9854,
            0.9238,
            0.9341,
            0.9663,
            1.0103,
            1.0171,
            1.0381,
            1.0356,
            1.0093,
            0.9902,
            0.979,
            0.9756,
            0.9805,
            0.9917
        ],
        "impact_id": 6
    }
]