[
    {
        "timestamp": 1713639040,
        "index": [
            0,
            5,
            10,
            15,
            20,
            25,
            30,
            35,
            40,
            45,
            50,
            55,
            60,
            65,
            70,
            75,
            80,
            85,
            90,
            95,
            100,
            105,
            110,
            115,
            120,
            125,
            130,
            135,
            140,
            145
        ],
        "accelx": [
            -0.3105,
            0.4648,
            -1.0137,
            -0.8652,
            -0.1152,
            0.3301,
            -0.7559,
            -0.1348,
            0.1504,
            0.002,
            0.0352,
            0.1426,
            0.0645,
            0.084,
            0.0918,
            0.1758,
            0.1895,
            0.1582,
            0.1426,
            0.1562,
            0.1836,
            0.1777,
            0.1621,
            0.1348,
            0.1348,
            0.127,
            0.1289,
            0.1133,
            0.1172,
            0.0996
        ],
        "accely": [
            0.1348,
            -0.3125,
            0.5937,
            0.0625,
            0.1914,
            0.3711,
            0.1426,
            0.3379,
            -0.0703,
            0.0898,
            0.1074,
            -0.0039,
            0.0215,
            -0.0156,
            -0.0566,
            -0.0684,
            -0.0508,
            -0.0391,
            -0.0488,
            -0.043,
            0.0137,
            -0.0137,
            -0.0215,
            0.0195,
            0.0664,
            0.0547,
            0.0645,
            0.0645,
            0.0781,
            0.1016
        ],
        "accelz": [
            1.0566,
            4.9238,
            -1.9727,
            -1.5469,
            0.2559,
            -0.1953,
            3.4961,
            0.418,
            1.5859,
            0.7773,
            1.3379,
            1.2773,
            1.0762,
            1.1621,
            1.1113,
            1.0566,
            1.0508,
            1.0195,
            0.9922,
            1.0488,
            0.9902,
            1.0508,
            1.0371,
            1.0059,
            0.957,
            0.9746,
            0.9746,
            0.9883,
            0.9766,
            0.9316
        ]
    },
    {
        "timestamp": 1713639040,
        "index": [
            0,
            5,
            10,
            15,
            20,
            25,
            30,
            35,
            40,
            45,
            50,
            55,
            60,
            65,
            70,
            75,
            80,
            85,
            90
        ],
        "accelx": [
            0.002,
            1.2031,
            0.1309,
            0.3535,
            -0.0508,
            -0.0391,
            -0.0449,
            -0.0332,
            -0.0293,
            -0.0234,
            -0.0137,
            -0.0137,
            -0.0273,
            0.0039,
            0.0137,
            0.0098,
            0.0137,
            0.0312,
            0.0195
        ],
        "accely": [
            -0.0801,
            -0.8887,
            -0.6387,
            -0.5586,
            -0.0332,
            -0.0215,
            -0.0195,
            -0.0098,
            -0.0078,
            -0.0039,
            -0.0039,
            -0.0039,
            -0.002,
            0.0098,
            -0.0078,
            0.0059,
            0.0117,
            0.0078,
            0.0117
        ],
        "accelz": [
            1.5156,
            5.1973,
            2.3086,
            2.1895,
            0.9434,
            0.9648,
            0.9883,
            1.0078,
            0.9805,
            0.9766,
            0.9961,
            0.998,
            0.9766,
            0.9199,
            1.0,
            0.9512,
            0.9688,
            0.9961,
            0.9727
        ]
    }
]