[
    {
        "timestamp": 1713633575,
        "frequency": [
            2.0,
            3.0,
            4.0,
            5.0,
            6.0,
            7.0,
            8.0,
            9.0,
            10.0,
            12.0
        ],
        "magnitude": [
            0.006,
            0.02,
            0.015,
            0.07,
            0.013,
            0.038,
            0.009,
            0.006,
            0.008,
            0.006
        ]
    },
    {
        "timestamp": 1713636253,
        "frequency": [
            5.0,
            6.0,
            7.0,
            20.0
        ],
        "magnitude": [
            0.008,
            0.006,
            0.006,
            0.005
        ]
    },
    {
        "timestamp": 1713636278,
        "frequency": [
            1.0,
            2.0,
            4.0,
            5.0,
            7.0,
            9.0,
            10.0,
            13.0,
            18.0,
            19.0,
            20.0,
            22.0
        ],
        "magnitude": [
            0.01,
            0.005,
            0.005,
            0.008,
            0.009,
            0.006,
            0.006,
            0.007,
            0.006,
            0.007,
            0.007,
            0.008
        ]
    },
    {
        "timestamp": 1713636313,
        "frequency": [
            4.0,
            5.0,
            6.0,
            7.0,
            8.0,
            12.0,
            17.0,
            18.0,
            19.0,
            20.0,
            21.0,
            22.0,
            23.0,
            24.0,
            26.0,
            28.0,
            29.0,
            32.0,
            39.0,
            42.0,
            44.0,
            45.0,
            50.0
        ],
        "magnitude": [
            0.006,
            0.014,
            0.006,
            0.005,
            0.006,
            0.005,
            0.014,
            0.006,
            0.014,
            0.012,
            0.019,
            0.012,
            0.01,
            0.01,
            0.016,
            0.005,
            0.009,
            0.006,
            0.006,
            0.007,
            0.008,
            0.007,
            0.005
        ]
    },
    {
        "timestamp": 1713636328,
        "frequency": [
            1.0,
            2.0,
            3.0,
            4.0,
            5.0,
            6.0,
            7.0,
            8.0,
            9.0,
            12.0,
            13.0,
            15.0,
            16.0,
            17.0,
            18.0,
            19.0,
            21.0,
            22.0,
            23.0,
            24.0,
            25.0,
            26.0,
            27.0,
            28.0,
            29.0,
            32.0,
            33.0,
            35.0,
            38.0,
            42.0
        ],
        "magnitude": [
            0.028,
            0.07,
            0.043,
            0.011,
            0.01,
            0.023,
            0.008,
            0.006,
            0.01,
            0.014,
            0.009,
            0.007,
            0.011,
            0.015,
            0.007,
            0.016,
            0.019,
            0.007,
            0.011,
            0.007,
            0.013,
            0.005,
            0.012,
            0.007,
            0.006,
            0.008,
            0.006,
            0.008,
            0.006,
            0.007
        ]
    },
    {
        "timestamp": 1713636353,
        "frequency": [
            1.0,
            2.0,
            4.0,
            5.0,
            6.0,
            7.0,
            8.0,
            9.0,
            11.0,
            12.0,
            13.0,
            14.0,
            15.0,
            16.0,
            18.0,
            20.0,
            22.0,
            23.0,
            24.0,
            25.0,
            26.0,
            28.0,
            30.0,
            31.0,
            32.0,
            33.0,
            34.0,
            37.0,
            43.0,
            46.0,
            48.0
        ],
        "magnitude": [
            0.009,
            0.01,
            0.014,
            0.009,
            0.012,
            0.014,
            0.021,
            0.005,
            0.008,
            0.019,
            0.007,
            0.005,
            0.009,
            0.007,
            0.009,
            0.017,
            0.011,
            0.005,
            0.015,
            0.006,
            0.01,
            0.006,
            0.008,
            0.011,
            0.013,
            0.013,
            0.008,
            0.005,
            0.007,
            0.005,
            0.006
        ]
    },
    {
        "timestamp": 1713636458,
        "frequency": [
            2.0,
            3.0,
            5.0,
            8.0,
            21.0,
            22.0,
            23.0,
            25.0,
            26.0,
            27.0,
            28.0,
            41.0,
            43.0
        ],
        "magnitude": [
            0.005,
            0.005,
            0.007,
            0.01,
            0.008,
            0.006,
            0.017,
            0.009,
            0.009,
            0.008,
            0.007,
            0.006,
            0.006
        ]
    },
    {
        "timestamp": 1713636473,
        "frequency": [
            1.0,
            4.0,
            5.0,
            7.0,
            15.0,
            17.0
        ],
        "magnitude": [
            0.005,
            0.007,
            0.01,
            0.011,
            0.009,
            0.01
        ]
    },
    {
        "timestamp": 1713636498,
        "frequency": [
            15.0,
            16.0,
            17.0,
            18.0,
            19.0,
            21.0,
            22.0,
            24.0,
            25.0,
            26.0,
            27.0,
            28.0,
            29.0,
            30.0,
            31.0,
            33.0,
            34.0,
            35.0,
            37.0,
            39.0,
            40.0,
            42.0,
            43.0,
            44.0,
            47.0,
            49.0,
            52.0,
            53.0
        ],
        "magnitude": [
            0.01,
            0.024,
            0.023,
            0.017,
            0.017,
            0.014,
            0.011,
            0.011,
            0.008,
            0.016,
            0.007,
            0.007,
            0.006,
            0.007,
            0.018,
            0.011,
            0.012,
            0.008,
            0.008,
            0.006,
            0.008,
            0.006,
            0.018,
            0.017,
            0.006,
            0.005,
            0.007,
            0.007
        ]
    },
    {
        "timestamp": 1713636523,
        "frequency": [
            1.0,
            2.0,
            4.0,
            5.0,
            9.0,
            10.0,
            14.0,
            18.0,
            20.0,
            21.0,
            22.0,
            23.0,
            24.0,
            25.0,
            26.0,
            27.0,
            28.0,
            29.0,
            30.0,
            31.0,
            43.0
        ],
        "magnitude": [
            0.009,
            0.005,
            0.01,
            0.009,
            0.008,
            0.011,
            0.007,
            0.018,
            0.011,
            0.008,
            0.015,
            0.007,
            0.013,
            0.007,
            0.008,
            0.021,
            0.01,
            0.013,
            0.011,
            0.01,
            0.007
        ]
    },
    {
        "timestamp": 1713636548,
        "frequency": [
            2.0,
            4.0,
            16.0,
            17.0,
            20.0,
            22.0,
            23.0,
            25.0,
            27.0,
            29.0,
            34.0
        ],
        "magnitude": [
            0.011,
            0.008,
            0.015,
            0.007,
            0.006,
            0.006,
            0.006,
            0.011,
            0.013,
            0.007,
            0.005
        ]
    },
    {
        "timestamp": 1713636583,
        "frequency": [
            1.0,
            2.0,
            3.0,
            4.0,
            6.0,
            7.0,
            8.0,
            9.0,
            11.0,
            12.0,
            13.0,
            14.0,
            15.0,
            17.0,
            18.0,
            19.0,
            20.0,
            21.0,
            22.0,
            23.0,
            24.0,
            25.0,
            27.0,
            29.0,
            31.0,
            32.0,
            36.0,
            37.0,
            45.0
        ],
        "magnitude": [
            0.019,
            0.007,
            0.012,
            0.023,
            0.01,
            0.008,
            0.009,
            0.01,
            0.016,
            0.011,
            0.008,
            0.008,
            0.009,
            0.016,
            0.006,
            0.019,
            0.017,
            0.014,
            0.006,
            0.011,
            0.009,
            0.01,
            0.012,
            0.006,
            0.005,
            0.008,
            0.009,
            0.006,
            0.006
        ]
    },
    {
        "timestamp": 1713636599,
        "frequency": [
            1.0,
            2.0,
            3.0,
            4.0,
            5.0,
            6.0,
            8.0,
            9.0,
            10.0,
            11.0,
            13.0,
            14.0,
            15.0,
            17.0,
            18.0,
            19.0,
            20.0,
            21.0,
            22.0,
            23.0,
            24.0,
            25.0,
            26.0,
            27.0,
            29.0,
            32.0,
            34.0,
            35.0,
            37.0,
            38.0,
            40.0,
            44.0,
            48.0,
            49.0,
            52.0,
            59.0,
            60.0,
            67.0
        ],
        "magnitude": [
            0.02,
            0.017,
            0.012,
            0.03,
            0.011,
            0.013,
            0.005,
            0.01,
            0.015,
            0.02,
            0.01,
            0.012,
            0.019,
            0.007,
            0.013,
            0.008,
            0.011,
            0.009,
            0.02,
            0.01,
            0.006,
            0.011,
            0.021,
            0.008,
            0.007,
            0.006,
            0.011,
            0.005,
            0.005,
            0.006,
            0.01,
            0.006,
            0.007,
            0.005,
            0.008,
            0.005,
            0.006,
            0.006
        ]
    },
    {
        "timestamp": 1713636623,
        "frequency": [
            2.0,
            3.0,
            5.0,
            6.0,
            7.0,
            8.0,
            9.0,
            11.0,
            15.0,
            17.0,
            18.0,
            19.0,
            21.0,
            22.0,
            23.0,
            24.0,
            26.0,
            28.0,
            29.0,
            35.0,
            38.0,
            39.0,
            41.0,
            45.0
        ],
        "magnitude": [
            0.008,
            0.012,
            0.008,
            0.013,
            0.006,
            0.006,
            0.01,
            0.006,
            0.029,
            0.016,
            0.016,
            0.01,
            0.011,
            0.007,
            0.012,
            0.006,
            0.008,
            0.007,
            0.008,
            0.006,
            0.008,
            0.005,
            0.009,
            0.011
        ]
    },
    {
        "timestamp": 1713636648,
        "frequency": [
            3.0,
            4.0,
            7.0,
            15.0,
            16.0,
            17.0,
            18.0,
            19.0,
            20.0,
            21.0,
            22.0,
            24.0,
            25.0,
            26.0,
            27.0,
            29.0,
            30.0,
            33.0,
            36.0,
            37.0,
            38.0,
            39.0,
            41.0,
            42.0,
            46.0,
            62.0
        ],
        "magnitude": [
            0.012,
            0.014,
            0.007,
            0.02,
            0.024,
            0.01,
            0.013,
            0.013,
            0.006,
            0.007,
            0.016,
            0.017,
            0.01,
            0.018,
            0.008,
            0.008,
            0.007,
            0.007,
            0.009,
            0.008,
            0.007,
            0.006,
            0.011,
            0.007,
            0.005,
            0.006
        ]
    },
    {
        "timestamp": 1713636738,
        "frequency": [
            1.0,
            2.0,
            4.0,
            5.0,
            6.0,
            7.0,
            8.0,
            10.0,
            11.0,
            12.0,
            13.0,
            14.0,
            15.0,
            16.0,
            17.0,
            18.0,
            20.0,
            21.0,
            22.0,
            24.0,
            25.0,
            26.0,
            27.0,
            28.0,
            29.0,
            30.0,
            31.0,
            32.0,
            34.0,
            36.0,
            38.0,
            39.0,
            40.0,
            41.0,
            67.0
        ],
        "magnitude": [
            0.015,
            0.012,
            0.007,
            0.01,
            0.011,
            0.005,
            0.006,
            0.01,
            0.006,
            0.008,
            0.005,
            0.017,
            0.011,
            0.006,
            0.014,
            0.034,
            0.021,
            0.011,
            0.017,
            0.015,
            0.015,
            0.01,
            0.008,
            0.017,
            0.011,
            0.01,
            0.016,
            0.008,
            0.008,
            0.005,
            0.007,
            0.009,
            0.013,
            0.013,
            0.006
        ]
    },
    {
        "timestamp": 1713636743,
        "frequency": [
            1.0,
            2.0,
            3.0,
            4.0,
            6.0,
            7.0,
            9.0,
            10.0,
            12.0,
            13.0,
            14.0,
            15.0,
            16.0,
            17.0,
            18.0,
            19.0,
            22.0,
            23.0,
            24.0,
            25.0,
            26.0,
            27.0,
            28.0,
            29.0,
            30.0,
            31.0,
            32.0,
            33.0,
            34.0,
            35.0,
            37.0,
            38.0,
            39.0,
            41.0,
            42.0,
            43.0,
            44.0,
            45.0,
            46.0,
            47.0,
            48.0,
            49.0,
            82.0,
            85.0
        ],
        "magnitude": [
            0.021,
            0.036,
            0.026,
            0.016,
            0.009,
            0.005,
            0.012,
            0.007,
            0.015,
            0.019,
            0.015,
            0.039,
            0.042,
            0.046,
            0.026,
            0.015,
            0.022,
            0.007,
            0.007,
            0.026,
            0.009,
            0.005,
            0.015,
            0.015,
            0.016,
            0.012,
            0.02,
            0.014,
            0.022,
            0.013,
            0.011,
            0.011,
            0.01,
            0.008,
            0.01,
            0.006,
            0.007,
            0.006,
            0.005,
            0.009,
            0.011,
            0.006,
            0.006,
            0.005
        ]
    },
    {
        "timestamp": 1713636771,
        "frequency": [
            1.0,
            2.0,
            3.0,
            4.0,
            5.0,
            7.0,
            8.0,
            9.0,
            10.0,
            13.0,
            14.0,
            15.0,
            16.0,
            17.0,
            18.0,
            19.0,
            20.0,
            21.0,
            22.0,
            24.0,
            26.0,
            27.0,
            29.0,
            30.0,
            31.0,
            32.0,
            33.0,
            35.0,
            36.0,
            37.0,
            38.0,
            39.0,
            40.0,
            41.0,
            42.0,
            48.0
        ],
        "magnitude": [
            0.022,
            0.016,
            0.012,
            0.006,
            0.015,
            0.009,
            0.012,
            0.011,
            0.007,
            0.009,
            0.013,
            0.015,
            0.015,
            0.006,
            0.016,
            0.014,
            0.011,
            0.009,
            0.02,
            0.021,
            0.021,
            0.007,
            0.007,
            0.007,
            0.009,
            0.011,
            0.01,
            0.005,
            0.008,
            0.007,
            0.006,
            0.011,
            0.013,
            0.007,
            0.007,
            0.006
        ]
    },
    {
        "timestamp": 1713636792,
        "frequency": [
            3.0,
            4.0,
            5.0,
            6.0,
            7.0,
            12.0,
            13.0,
            14.0,
            15.0,
            18.0,
            19.0,
            20.0,
            21.0,
            24.0,
            26.0,
            28.0,
            29.0,
            30.0,
            32.0,
            33.0,
            38.0,
            39.0,
            40.0,
            41.0,
            42.0,
            43.0,
            44.0
        ],
        "magnitude": [
            0.016,
            0.005,
            0.007,
            0.008,
            0.011,
            0.007,
            0.01,
            0.013,
            0.007,
            0.009,
            0.01,
            0.017,
            0.014,
            0.014,
            0.014,
            0.008,
            0.013,
            0.005,
            0.009,
            0.006,
            0.008,
            0.009,
            0.008,
            0.008,
            0.015,
            0.005,
            0.005
        ]
    },
    {
        "timestamp": 1713636817,
        "frequency": [
            2.0,
            3.0,
            4.0,
            5.0,
            6.0,
            7.0,
            8.0,
            9.0,
            10.0,
            11.0,
            15.0,
            17.0,
            18.0,
            19.0,
            20.0,
            21.0,
            22.0,
            23.0,
            24.0,
            26.0,
            28.0,
            29.0,
            31.0,
            32.0,
            33.0,
            34.0,
            36.0,
            37.0,
            39.0,
            40.0
        ],
        "magnitude": [
            0.011,
            0.01,
            0.012,
            0.006,
            0.011,
            0.009,
            0.016,
            0.006,
            0.005,
            0.006,
            0.008,
            0.01,
            0.014,
            0.01,
            0.016,
            0.008,
            0.01,
            0.01,
            0.008,
            0.017,
            0.008,
            0.006,
            0.007,
            0.01,
            0.007,
            0.009,
            0.005,
            0.008,
            0.01,
            0.007
        ]
    },
    {
        "timestamp": 1713636843,
        "frequency": [
            2.0,
            3.0,
            4.0,
            5.0,
            6.0,
            8.0,
            9.0,
            10.0,
            11.0,
            12.0,
            14.0,
            15.0,
            16.0,
            17.0,
            18.0,
            19.0,
            20.0,
            21.0,
            22.0,
            23.0,
            24.0,
            25.0,
            26.0,
            27.0,
            30.0,
            32.0,
            36.0,
            42.0,
            45.0
        ],
        "magnitude": [
            0.005,
            0.022,
            0.022,
            0.006,
            0.011,
            0.007,
            0.007,
            0.007,
            0.005,
            0.011,
            0.01,
            0.022,
            0.014,
            0.011,
            0.009,
            0.01,
            0.009,
            0.016,
            0.007,
            0.005,
            0.006,
            0.012,
            0.017,
            0.012,
            0.007,
            0.007,
            0.006,
            0.01,
            0.006
        ]
    },
    {
        "timestamp": 1713636869,
        "frequency": [
            1.0,
            4.0,
            5.0,
            6.0,
            7.0,
            8.0,
            12.0,
            14.0,
            17.0,
            18.0,
            19.0,
            20.0,
            22.0,
            24.0,
            25.0,
            27.0,
            28.0,
            36.0,
            40.0,
            45.0,
            47.0
        ],
        "magnitude": [
            0.006,
            0.007,
            0.007,
            0.007,
            0.007,
            0.005,
            0.007,
            0.008,
            0.009,
            0.006,
            0.007,
            0.007,
            0.005,
            0.007,
            0.006,
            0.011,
            0.007,
            0.007,
            0.009,
            0.006,
            0.01
        ]
    },
    {
        "timestamp": 1713636942,
        "frequency": [
            3.0,
            4.0,
            5.0,
            7.0,
            8.0,
            13.0,
            14.0,
            16.0,
            17.0,
            18.0,
            19.0,
            20.0,
            21.0,
            22.0,
            24.0,
            26.0,
            27.0,
            28.0,
            34.0,
            37.0,
            42.0
        ],
        "magnitude": [
            0.016,
            0.007,
            0.007,
            0.006,
            0.007,
            0.007,
            0.009,
            0.006,
            0.018,
            0.01,
            0.014,
            0.006,
            0.007,
            0.014,
            0.009,
            0.006,
            0.01,
            0.005,
            0.008,
            0.009,
            0.006
        ]
    },
    {
        "timestamp": 1713636998,
        "frequency": [
            1.0,
            2.0,
            3.0,
            4.0,
            5.0,
            6.0,
            8.0,
            11.0,
            12.0,
            13.0,
            14.0,
            16.0,
            17.0,
            18.0,
            19.0,
            20.0,
            21.0,
            22.0,
            23.0,
            24.0,
            25.0,
            26.0,
            27.0,
            28.0,
            29.0,
            30.0,
            31.0,
            32.0,
            33.0,
            34.0,
            35.0,
            36.0,
            37.0,
            41.0,
            42.0,
            43.0,
            45.0,
            46.0,
            48.0,
            50.0,
            51.0,
            57.0,
            63.0,
            64.0,
            65.0,
            66.0,
            68.0,
            69.0,
            76.0
        ],
        "magnitude": [
            0.021,
            0.049,
            0.04,
            0.026,
            0.009,
            0.006,
            0.008,
            0.03,
            0.019,
            0.012,
            0.019,
            0.019,
            0.03,
            0.022,
            0.033,
            0.009,
            0.008,
            0.036,
            0.027,
            0.021,
            0.024,
            0.02,
            0.009,
            0.006,
            0.016,
            0.015,
            0.03,
            0.017,
            0.026,
            0.014,
            0.009,
            0.011,
            0.013,
            0.007,
            0.006,
            0.012,
            0.005,
            0.007,
            0.006,
            0.005,
            0.007,
            0.006,
            0.007,
            0.007,
            0.007,
            0.006,
            0.007,
            0.006,
            0.005
        ]
    },
    {
        "timestamp": 1713637021,
        "frequency": [
            1.0,
            2.0,
            3.0,
            4.0,
            5.0,
            7.0,
            8.0,
            9.0,
            10.0,
            11.0,
            12.0,
            13.0,
            14.0,
            15.0,
            16.0,
            17.0,
            18.0,
            19.0,
            20.0,
            21.0,
            22.0,
            23.0,
            24.0,
            25.0,
            26.0,
            28.0,
            29.0,
            31.0,
            34.0,
            36.0,
            37.0,
            39.0,
            40.0,
            44.0,
            46.0,
            53.0,
            68.0
        ],
        "magnitude": [
            0.015,
            0.024,
            0.007,
            0.016,
            0.006,
            0.009,
            0.005,
            0.013,
            0.01,
            0.007,
            0.006,
            0.013,
            0.031,
            0.013,
            0.015,
            0.005,
            0.019,
            0.016,
            0.029,
            0.005,
            0.01,
            0.011,
            0.024,
            0.008,
            0.006,
            0.014,
            0.011,
            0.009,
            0.009,
            0.007,
            0.006,
            0.008,
            0.006,
            0.006,
            0.009,
            0.005,
            0.005
        ]
    },
    {
        "timestamp": 1713637041,
        "frequency": [
            1.0,
            2.0,
            3.0,
            4.0,
            5.0,
            7.0,
            8.0,
            9.0,
            11.0,
            13.0,
            14.0,
            15.0,
            17.0,
            18.0,
            19.0,
            22.0,
            25.0,
            26.0,
            30.0,
            31.0,
            32.0,
            34.0,
            46.0
        ],
        "magnitude": [
            0.006,
            0.01,
            0.005,
            0.015,
            0.005,
            0.012,
            0.008,
            0.006,
            0.005,
            0.007,
            0.011,
            0.011,
            0.012,
            0.015,
            0.013,
            0.008,
            0.011,
            0.016,
            0.007,
            0.01,
            0.013,
            0.005,
            0.006
        ]
    },
    {
        "timestamp": 1713637066,
        "frequency": [
            2.0,
            3.0,
            4.0,
            32.0,
            44.0,
            45.0
        ],
        "magnitude": [
            0.017,
            0.013,
            0.013,
            0.007,
            0.006,
            0.006
        ]
    },
    {
        "timestamp": 1713639042,
        "frequency": [
            1.0,
            2.0,
            3.0,
            4.0,
            5.0,
            6.0,
            7.0,
            8.0,
            9.0,
            10.0,
            11.0,
            13.0,
            14.0,
            15.0,
            17.0,
            18.0,
            19.0,
            20.0,
            22.0,
            26.0,
            27.0,
            28.0,
            29.0,
            30.0,
            31.0,
            32.0,
            33.0,
            34.0,
            35.0,
            37.0,
            38.0,
            39.0,
            40.0,
            42.0,
            44.0,
            45.0,
            46.0,
            48.0,
            49.0,
            50.0,
            51.0,
            54.0,
            55.0,
            56.0,
            57.0,
            58.0,
            60.0,
            61.0,
            62.0,
            63.0,
            65.0,
            67.0,
            68.0,
            69.0,
            70.0,
            71.0,
            72.0,
            74.0,
            76.0,
            77.0,
            78.0,
            79.0,
            81.0,
            82.0,
            84.0,
            85.0,
            87.0,
            88.0,
            89.0,
            90.0,
            91.0,
            93.0,
            94.0,
            95.0,
            99.0
        ],
        "magnitude": [
            0.007,
            0.013,
            0.007,
            0.006,
            0.014,
            0.009,
            0.015,
            0.007,
            0.011,
            0.008,
            0.012,
            0.008,
            0.015,
            0.018,
            0.009,
            0.007,
            0.006,
            0.005,
            0.015,
            0.006,
            0.006,
            0.008,
            0.007,
            0.005,
            0.006,
            0.009,
            0.007,
            0.007,
            0.009,
            0.005,
            0.007,
            0.006,
            0.006,
            0.01,
            0.009,
            0.009,
            0.011,
            0.01,
            0.005,
            0.006,
            0.013,
            0.008,
            0.009,
            0.009,
            0.014,
            0.009,
            0.005,
            0.006,
            0.01,
            0.011,
            0.007,
            0.007,
            0.006,
            0.006,
            0.007,
            0.008,
            0.008,
            0.006,
            0.005,
            0.005,
            0.009,
            0.01,
            0.01,
            0.008,
            0.009,
            0.012,
            0.008,
            0.009,
            0.007,
            0.006,
            0.01,
            0.007,
            0.006,
            0.008,
            0.008
        ]
    },
    {
        "timestamp": 1713639065,
        "frequency": [
            1.0,
            2.0,
            3.0,
            4.0,
            6.0,
            7.0,
            8.0,
            9.0,
            10.0,
            11.0,
            12.0,
            13.0,
            15.0,
            16.0,
            17.0,
            18.0,
            19.0,
            20.0
        ],
        "magnitude": [
            0.008,
            0.008,
            0.005,
            0.014,
            0.016,
            0.007,
            0.021,
            0.016,
            0.025,
            0.011,
            0.01,
            0.006,
            0.012,
            0.011,
            0.007,
            0.007,
            0.005,
            0.006
        ]
    },
    {
        "timestamp": 1713639123,
        "frequency": [
            18.0,
            19.0
        ],
        "magnitude": [
            0.015,
            0.019
        ]
    },
    {
        "timestamp": 1713639141,
        "frequency": [
            22.0
        ],
        "magnitude": [
            0.022
        ]
    },
    {
        "timestamp": 1713639166,
        "frequency": [
            2.0,
            3.0,
            4.0,
            6.0,
            7.0,
            8.0,
            10.0,
            11.0,
            13.0,
            14.0,
            15.0,
            16.0,
            17.0,
            18.0,
            19.0,
            20.0,
            33.0,
            47.0
        ],
        "magnitude": [
            0.01,
            0.011,
            0.006,
            0.01,
            0.009,
            0.008,
            0.011,
            0.008,
            0.014,
            0.007,
            0.028,
            0.008,
            0.034,
            0.024,
            0.016,
            0.009,
            0.005,
            0.007
        ]
    },
    {
        "timestamp": 1713639191,
        "frequency": [
            1.0,
            2.0,
            3.0,
            4.0,
            5.0,
            7.0,
            9.0,
            10.0,
            11.0,
            12.0,
            13.0,
            14.0,
            15.0,
            16.0,
            17.0,
            18.0,
            19.0,
            20.0,
            21.0,
            22.0,
            24.0,
            33.0,
            46.0
        ],
        "magnitude": [
            0.008,
            0.01,
            0.012,
            0.013,
            0.008,
            0.008,
            0.005,
            0.017,
            0.012,
            0.011,
            0.016,
            0.012,
            0.025,
            0.01,
            0.006,
            0.029,
            0.028,
            0.008,
            0.011,
            0.01,
            0.005,
            0.006,
            0.007
        ]
    },
    {
        "timestamp": 1713639225,
        "frequency": [
            1.0,
            2.0,
            3.0,
            4.0,
            5.0,
            6.0,
            7.0,
            8.0,
            9.0,
            10.0,
            11.0,
            12.0,
            13.0,
            14.0,
            15.0,
            16.0,
            18.0,
            19.0,
            20.0,
            21.0,
            22.0,
            31.0,
            32.0,
            39.0,
            42.0,
            48.0,
            68.0,
            99.0
        ],
        "magnitude": [
            0.007,
            0.011,
            0.014,
            0.011,
            0.016,
            0.012,
            0.006,
            0.016,
            0.006,
            0.022,
            0.018,
            0.017,
            0.025,
            0.008,
            0.007,
            0.021,
            0.047,
            0.012,
            0.01,
            0.006,
            0.012,
            0.005,
            0.005,
            0.007,
            0.005,
            0.005,
            0.005,
            0.006
        ]
    },
    {
        "timestamp": 1713639240,
        "frequency": [
            3.0,
            5.0,
            6.0,
            8.0,
            10.0
        ],
        "magnitude": [
            0.005,
            0.006,
            0.005,
            0.01,
            0.008
        ]
    },
    {
        "timestamp": 1713639265,
        "frequency": [
            6.0,
            7.0,
            8.0,
            10.0,
            13.0,
            14.0,
            20.0
        ],
        "magnitude": [
            0.006,
            0.012,
            0.007,
            0.006,
            0.005,
            0.007,
            0.006
        ]
    },
    {
        "timestamp": 1713639315,
        "frequency": [
            2.0,
            3.0,
            4.0,
            5.0,
            6.0,
            7.0,
            8.0,
            9.0,
            10.0,
            11.0,
            12.0,
            13.0,
            14.0,
            17.0,
            20.0
        ],
        "magnitude": [
            0.007,
            0.015,
            0.025,
            0.036,
            0.015,
            0.013,
            0.006,
            0.02,
            0.017,
            0.018,
            0.008,
            0.015,
            0.009,
            0.012,
            0.006
        ]
    },
    {
        "timestamp": 1713639350,
        "frequency": [
            5.0,
            6.0,
            7.0,
            12.0,
            19.0
        ],
        "magnitude": [
            0.005,
            0.006,
            0.006,
            0.007,
            0.011
        ]
    },
    {
        "timestamp": 1713639365,
        "frequency": [
            6.0,
            7.0,
            13.0,
            15.0,
            18.0
        ],
        "magnitude": [
            0.008,
            0.007,
            0.008,
            0.01,
            0.005
        ]
    },
    {
        "timestamp": 1713639425,
        "frequency": [
            22.0
        ],
        "magnitude": [
            0.009
        ]
    },
    {
        "timestamp": 1713639440,
        "frequency": [
            22.0
        ],
        "magnitude": [
            0.011
        ]
    },
    {
        "timestamp": 1713639490,
        "frequency": [
            22.0
        ],
        "magnitude": [
            0.007
        ]
    },
    {
        "timestamp": 1713639515,
        "frequency": [
            4.0,
            5.0,
            6.0,
            8.0,
            10.0,
            15.0,
            17.0,
            18.0,
            19.0,
            23.0
        ],
        "magnitude": [
            0.007,
            0.01,
            0.01,
            0.006,
            0.005,
            0.008,
            0.007,
            0.01,
            0.008,
            0.007
        ]
    },
    {
        "timestamp": 1713639539,
        "frequency": [
            1.0,
            4.0,
            5.0,
            6.0,
            7.0,
            9.0,
            10.0,
            12.0,
            16.0,
            18.0,
            21.0
        ],
        "magnitude": [
            0.009,
            0.008,
            0.006,
            0.007,
            0.008,
            0.006,
            0.01,
            0.006,
            0.007,
            0.011,
            0.007
        ]
    },
    {
        "timestamp": 1713639564,
        "frequency": [
            3.0,
            4.0,
            5.0,
            6.0,
            8.0,
            9.0,
            10.0,
            11.0,
            12.0,
            13.0,
            14.0,
            15.0,
            16.0,
            17.0,
            18.0,
            19.0,
            20.0,
            21.0,
            22.0,
            23.0,
            24.0,
            25.0,
            26.0,
            27.0,
            28.0
        ],
        "magnitude": [
            0.012,
            0.01,
            0.01,
            0.016,
            0.012,
            0.019,
            0.025,
            0.028,
            0.016,
            0.057,
            0.03,
            0.025,
            0.019,
            0.027,
            0.02,
            0.015,
            0.01,
            0.012,
            0.017,
            0.007,
            0.017,
            0.007,
            0.013,
            0.009,
            0.009
        ]
    },
    {
        "timestamp": 1713639599,
        "frequency": [
            1.0,
            2.0,
            3.0,
            4.0,
            5.0,
            7.0,
            8.0,
            9.0,
            10.0,
            11.0,
            12.0,
            13.0,
            14.0,
            15.0,
            16.0,
            17.0,
            18.0,
            19.0,
            20.0,
            21.0,
            22.0,
            23.0,
            25.0,
            26.0,
            29.0,
            32.0,
            33.0
        ],
        "magnitude": [
            0.008,
            0.016,
            0.023,
            0.011,
            0.014,
            0.009,
            0.012,
            0.012,
            0.006,
            0.01,
            0.021,
            0.024,
            0.015,
            0.033,
            0.006,
            0.023,
            0.027,
            0.011,
            0.013,
            0.017,
            0.011,
            0.006,
            0.011,
            0.006,
            0.008,
            0.006,
            0.006
        ]
    },
    {
        "timestamp": 1713639614,
        "frequency": [
            1.0,
            2.0,
            3.0,
            4.0,
            5.0,
            6.0,
            7.0,
            9.0,
            10.0,
            11.0,
            12.0,
            13.0,
            14.0,
            15.0,
            16.0,
            17.0,
            18.0,
            19.0,
            20.0,
            21.0,
            22.0,
            23.0
        ],
        "magnitude": [
            0.019,
            0.024,
            0.021,
            0.009,
            0.006,
            0.015,
            0.012,
            0.012,
            0.012,
            0.012,
            0.012,
            0.016,
            0.013,
            0.016,
            0.011,
            0.006,
            0.006,
            0.023,
            0.015,
            0.007,
            0.007,
            0.007
        ]
    },
    {
        "timestamp": 1713639639,
        "frequency": [
            1.0,
            2.0,
            4.0,
            6.0,
            7.0,
            8.0,
            9.0,
            10.0,
            11.0,
            14.0,
            15.0,
            16.0,
            17.0,
            19.0,
            20.0,
            21.0,
            22.0,
            23.0,
            24.0,
            25.0
        ],
        "magnitude": [
            0.014,
            0.031,
            0.007,
            0.012,
            0.01,
            0.005,
            0.008,
            0.009,
            0.006,
            0.015,
            0.009,
            0.014,
            0.014,
            0.014,
            0.01,
            0.015,
            0.013,
            0.006,
            0.009,
            0.007
        ]
    },
    {
        "timestamp": 1713639664,
        "frequency": [
            1.0,
            2.0,
            3.0,
            4.0,
            5.0,
            6.0,
            7.0,
            8.0,
            9.0,
            11.0,
            12.0,
            13.0,
            14.0,
            15.0,
            16.0,
            18.0,
            19.0,
            22.0,
            23.0,
            24.0
        ],
        "magnitude": [
            0.013,
            0.014,
            0.023,
            0.006,
            0.014,
            0.015,
            0.005,
            0.006,
            0.006,
            0.018,
            0.023,
            0.014,
            0.023,
            0.024,
            0.027,
            0.011,
            0.012,
            0.008,
            0.011,
            0.006
        ]
    },
    {
        "timestamp": 1713639689,
        "frequency": [
            2.0,
            4.0,
            5.0,
            6.0,
            8.0,
            9.0,
            10.0,
            11.0,
            13.0,
            14.0,
            15.0,
            16.0,
            17.0,
            18.0,
            19.0,
            20.0,
            22.0,
            23.0,
            24.0,
            26.0
        ],
        "magnitude": [
            0.016,
            0.01,
            0.009,
            0.008,
            0.012,
            0.01,
            0.012,
            0.013,
            0.008,
            0.021,
            0.031,
            0.023,
            0.023,
            0.008,
            0.03,
            0.007,
            0.008,
            0.007,
            0.009,
            0.005
        ]
    },
    {
        "timestamp": 1713639731,
        "frequency": [
            1.0,
            2.0,
            3.0,
            4.0,
            5.0,
            6.0,
            7.0,
            10.0,
            11.0,
            14.0,
            16.0,
            17.0,
            18.0,
            19.0,
            20.0,
            21.0,
            23.0,
            24.0
        ],
        "magnitude": [
            0.04,
            0.011,
            0.013,
            0.013,
            0.011,
            0.006,
            0.012,
            0.007,
            0.009,
            0.007,
            0.026,
            0.007,
            0.022,
            0.021,
            0.016,
            0.008,
            0.005,
            0.009
        ]
    },
    {
        "timestamp": 1713639740,
        "frequency": [
            1.0,
            4.0,
            13.0,
            14.0,
            15.0,
            16.0,
            19.0,
            20.0,
            21.0,
            22.0,
            23.0,
            24.0,
            26.0
        ],
        "magnitude": [
            0.008,
            0.011,
            0.01,
            0.006,
            0.006,
            0.008,
            0.015,
            0.014,
            0.017,
            0.006,
            0.005,
            0.007,
            0.006
        ]
    },
    {
        "timestamp": 1713639765,
        "frequency": [
            1.0,
            2.0,
            3.0,
            4.0,
            5.0,
            6.0,
            7.0,
            8.0,
            9.0,
            10.0,
            11.0,
            12.0,
            13.0,
            14.0,
            15.0,
            16.0,
            17.0,
            18.0,
            19.0,
            22.0,
            23.0,
            24.0,
            26.0
        ],
        "magnitude": [
            0.028,
            0.072,
            0.086,
            0.005,
            0.031,
            0.019,
            0.026,
            0.018,
            0.011,
            0.016,
            0.021,
            0.032,
            0.022,
            0.039,
            0.021,
            0.01,
            0.027,
            0.018,
            0.01,
            0.007,
            0.007,
            0.008,
            0.009
        ]
    },
    {
        "timestamp": 1713639790,
        "frequency": [
            22.0
        ],
        "magnitude": [
            0.015
        ]
    },
    {
        "timestamp": 1713639815,
        "frequency": [
            22.0
        ],
        "magnitude": [
            0.017
        ]
    },
    {
        "timestamp": 1713639850,
        "frequency": [
            2.0,
            3.0,
            4.0,
            7.0,
            8.0,
            9.0,
            11.0,
            12.0,
            13.0,
            14.0,
            15.0,
            16.0,
            17.0,
            18.0,
            19.0,
            20.0,
            21.0,
            22.0,
            26.0,
            27.0,
            29.0
        ],
        "magnitude": [
            0.008,
            0.007,
            0.009,
            0.008,
            0.005,
            0.007,
            0.018,
            0.016,
            0.021,
            0.027,
            0.053,
            0.031,
            0.039,
            0.019,
            0.017,
            0.006,
            0.015,
            0.008,
            0.009,
            0.009,
            0.007
        ]
    },
    {
        "timestamp": 1713639865,
        "frequency": [
            1.0,
            4.0,
            5.0,
            6.0,
            7.0,
            9.0,
            10.0,
            11.0,
            12.0,
            13.0,
            14.0,
            15.0,
            16.0,
            17.0,
            18.0,
            19.0,
            20.0,
            21.0,
            22.0,
            23.0,
            24.0,
            27.0,
            28.0,
            29.0,
            30.0
        ],
        "magnitude": [
            0.014,
            0.011,
            0.008,
            0.011,
            0.012,
            0.012,
            0.009,
            0.019,
            0.025,
            0.038,
            0.029,
            0.034,
            0.022,
            0.026,
            0.013,
            0.008,
            0.008,
            0.016,
            0.008,
            0.005,
            0.013,
            0.005,
            0.007,
            0.006,
            0.005
        ]
    },
    {
        "timestamp": 1713639889,
        "frequency": [
            1.0,
            2.0,
            3.0,
            4.0,
            5.0,
            7.0,
            8.0,
            10.0,
            11.0,
            12.0,
            13.0,
            14.0,
            15.0,
            16.0,
            17.0,
            18.0,
            19.0,
            20.0,
            21.0,
            22.0,
            23.0,
            24.0,
            25.0,
            27.0
        ],
        "magnitude": [
            0.006,
            0.012,
            0.02,
            0.006,
            0.016,
            0.011,
            0.011,
            0.02,
            0.013,
            0.007,
            0.016,
            0.034,
            0.046,
            0.021,
            0.032,
            0.015,
            0.021,
            0.013,
            0.007,
            0.007,
            0.011,
            0.006,
            0.006,
            0.007
        ]
    },
    {
        "timestamp": 1713639914,
        "frequency": [
            22.0
        ],
        "magnitude": [
            0.011
        ]
    },
    {
        "timestamp": 1713639939,
        "frequency": [
            21.0,
            22.0
        ],
        "magnitude": [
            0.007,
            0.013
        ]
    },
    {
        "timestamp": 1713639974,
        "frequency": [
            4.0,
            5.0,
            9.0,
            10.0,
            11.0,
            12.0,
            15.0,
            16.0,
            17.0,
            18.0,
            19.0,
            20.0,
            21.0,
            22.0,
            23.0,
            24.0,
            25.0,
            26.0,
            29.0
        ],
        "magnitude": [
            0.006,
            0.005,
            0.007,
            0.008,
            0.015,
            0.015,
            0.025,
            0.018,
            0.036,
            0.048,
            0.015,
            0.016,
            0.045,
            0.007,
            0.011,
            0.015,
            0.007,
            0.01,
            0.009
        ]
    },
    {
        "timestamp": 1713639989,
        "frequency": [
            3.0,
            4.0,
            6.0,
            7.0,
            8.0,
            9.0,
            10.0,
            11.0,
            12.0,
            13.0,
            14.0,
            15.0,
            16.0,
            17.0,
            18.0,
            19.0,
            20.0,
            21.0,
            23.0,
            24.0,
            30.0
        ],
        "magnitude": [
            0.006,
            0.005,
            0.008,
            0.011,
            0.007,
            0.008,
            0.006,
            0.006,
            0.007,
            0.018,
            0.018,
            0.01,
            0.005,
            0.01,
            0.024,
            0.046,
            0.032,
            0.018,
            0.013,
            0.008,
            0.006
        ]
    },
    {
        "timestamp": 1713640037,
        "frequency": [
            2.0,
            4.0,
            5.0,
            8.0,
            18.0,
            19.0,
            20.0,
            21.0,
            24.0
        ],
        "magnitude": [
            0.007,
            0.005,
            0.006,
            0.006,
            0.007,
            0.007,
            0.006,
            0.007,
            0.007
        ]
    },
    {
        "timestamp": 1713640065,
        "frequency": [
            3.0,
            4.0,
            10.0,
            13.0,
            18.0,
            19.0,
            20.0,
            21.0,
            23.0,
            24.0
        ],
        "magnitude": [
            0.015,
            0.015,
            0.008,
            0.007,
            0.013,
            0.009,
            0.017,
            0.02,
            0.007,
            0.006
        ]
    },
    {
        "timestamp": 1713640100,
        "frequency": [
            4.0,
            8.0,
            9.0,
            11.0,
            13.0,
            14.0,
            15.0,
            16.0,
            17.0,
            18.0,
            19.0,
            20.0,
            21.0,
            22.0,
            24.0
        ],
        "magnitude": [
            0.009,
            0.007,
            0.006,
            0.006,
            0.007,
            0.012,
            0.006,
            0.009,
            0.012,
            0.016,
            0.016,
            0.016,
            0.026,
            0.026,
            0.011
        ]
    },
    {
        "timestamp": 1713640114,
        "frequency": [
            2.0,
            3.0,
            4.0,
            5.0,
            6.0,
            7.0,
            8.0,
            9.0,
            13.0,
            15.0,
            18.0,
            20.0,
            23.0,
            24.0,
            25.0
        ],
        "magnitude": [
            0.006,
            0.02,
            0.007,
            0.02,
            0.008,
            0.006,
            0.019,
            0.009,
            0.007,
            0.005,
            0.008,
            0.013,
            0.009,
            0.006,
            0.007
        ]
    },
    {
        "timestamp": 1713640139,
        "frequency": [
            3.0,
            6.0,
            22.0
        ],
        "magnitude": [
            0.011,
            0.007,
            0.021
        ]
    },
    {
        "timestamp": 1713640164,
        "frequency": [
            22.0
        ],
        "magnitude": [
            0.008
        ]
    },
    {
        "timestamp": 1713650991,
        "frequency": [
            4.0,
            5.0,
            6.0,
            8.0,
            11.0,
            15.0,
            16.0,
            19.0,
            20.0,
            22.0,
            24.0,
            25.0,
            26.0
        ],
        "magnitude": [
            0.011,
            0.005,
            0.015,
            0.008,
            0.007,
            0.006,
            0.01,
            0.015,
            0.005,
            0.005,
            0.007,
            0.007,
            0.007
        ]
    },
    {
        "timestamp": 1713651016,
        "frequency": [
            3.0,
            5.0,
            6.0,
            7.0,
            9.0,
            11.0,
            16.0,
            17.0,
            18.0,
            19.0,
            20.0,
            21.0,
            22.0,
            24.0,
            25.0,
            29.0
        ],
        "magnitude": [
            0.008,
            0.007,
            0.011,
            0.006,
            0.01,
            0.006,
            0.008,
            0.005,
            0.01,
            0.006,
            0.009,
            0.01,
            0.005,
            0.008,
            0.006,
            0.007
        ]
    },
    {
        "timestamp": 1713651041,
        "frequency": [
            3.0,
            5.0,
            8.0,
            10.0,
            11.0,
            13.0,
            21.0,
            23.0,
            24.0,
            25.0,
            26.0,
            27.0
        ],
        "magnitude": [
            0.008,
            0.007,
            0.006,
            0.006,
            0.007,
            0.006,
            0.005,
            0.012,
            0.005,
            0.013,
            0.009,
            0.006
        ]
    },
    {
        "timestamp": 1713651260,
        "frequency": [
            1.0,
            3.0,
            5.0,
            6.0,
            7.0,
            8.0,
            9.0,
            10.0,
            11.0,
            12.0,
            13.0,
            14.0,
            15.0,
            16.0,
            17.0,
            18.0,
            19.0,
            21.0,
            23.0,
            24.0,
            27.0,
            28.0
        ],
        "magnitude": [
            0.01,
            0.013,
            0.005,
            0.018,
            0.007,
            0.011,
            0.011,
            0.009,
            0.009,
            0.016,
            0.014,
            0.008,
            0.02,
            0.026,
            0.007,
            0.007,
            0.017,
            0.009,
            0.006,
            0.006,
            0.007,
            0.005
        ]
    },
    {
        "timestamp": 1713651269,
        "frequency": [
            1.0,
            2.0,
            3.0,
            5.0,
            8.0,
            11.0,
            12.0,
            13.0,
            14.0,
            15.0,
            16.0,
            18.0,
            19.0,
            20.0,
            21.0,
            24.0,
            25.0
        ],
        "magnitude": [
            0.008,
            0.013,
            0.014,
            0.011,
            0.01,
            0.007,
            0.007,
            0.006,
            0.01,
            0.012,
            0.01,
            0.032,
            0.015,
            0.014,
            0.009,
            0.008,
            0.006
        ]
    },
    {
        "timestamp": 1713651294,
        "frequency": [
            2.0,
            13.0,
            15.0,
            16.0,
            17.0,
            18.0,
            19.0,
            21.0,
            22.0
        ],
        "magnitude": [
            0.006,
            0.006,
            0.011,
            0.01,
            0.007,
            0.01,
            0.02,
            0.007,
            0.007
        ]
    },
    {
        "timestamp": 1713651319,
        "frequency": [
            21.0,
            22.0,
            23.0,
            24.0,
            25.0,
            31.0
        ],
        "magnitude": [
            0.005,
            0.012,
            0.01,
            0.011,
            0.008,
            0.005
        ]
    },
    {
        "timestamp": 1713651354,
        "frequency": [
            3.0,
            4.0,
            5.0,
            7.0,
            8.0,
            10.0,
            11.0,
            14.0,
            17.0,
            18.0,
            19.0,
            20.0,
            21.0,
            22.0
        ],
        "magnitude": [
            0.006,
            0.018,
            0.009,
            0.007,
            0.007,
            0.007,
            0.006,
            0.01,
            0.009,
            0.018,
            0.016,
            0.018,
            0.02,
            0.011
        ]
    },
    {
        "timestamp": 1713651319,
        "frequency": [
            1.0,
            2.0,
            3.0,
            4.0,
            5.0,
            6.0,
            7.0,
            8.0,
            9.0,
            10.0,
            11.0,
            12.0,
            13.0,
            14.0,
            15.0,
            16.0,
            17.0,
            18.0,
            19.0,
            20.0,
            21.0,
            22.0,
            23.0,
            24.0,
            25.0,
            31.0
        ],
        "magnitude": [
            0.018,
            0.044,
            0.035,
            0.011,
            0.014,
            0.006,
            0.007,
            0.011,
            0.007,
            0.009,
            0.01,
            0.023,
            0.027,
            0.029,
            0.043,
            0.027,
            0.014,
            0.041,
            0.021,
            0.009,
            0.005,
            0.012,
            0.01,
            0.011,
            0.008,
            0.005
        ]
    },
    {
        "timestamp": 1713651354,
        "frequency": [
            3.0,
            4.0,
            5.0,
            7.0,
            8.0,
            10.0,
            11.0,
            14.0,
            17.0,
            18.0,
            19.0,
            20.0,
            21.0,
            22.0,
            23.0,
            24.0,
            26.0,
            27.0,
            29.0
        ],
        "magnitude": [
            0.006,
            0.018,
            0.009,
            0.007,
            0.007,
            0.007,
            0.006,
            0.01,
            0.009,
            0.018,
            0.016,
            0.018,
            0.02,
            0.011,
            0.007,
            0.015,
            0.006,
            0.005,
            0.006
        ]
    },
    {
        "timestamp": 1713651428,
        "frequency": [
            1.0,
            3.0,
            4.0,
            5.0,
            6.0,
            8.0,
            9.0,
            12.0,
            13.0,
            14.0,
            15.0,
            16.0,
            17.0,
            18.0,
            19.0,
            21.0,
            22.0,
            23.0,
            24.0,
            25.0,
            26.0,
            27.0
        ],
        "magnitude": [
            0.018,
            0.008,
            0.009,
            0.007,
            0.015,
            0.008,
            0.006,
            0.008,
            0.005,
            0.024,
            0.01,
            0.012,
            0.015,
            0.018,
            0.016,
            0.014,
            0.018,
            0.008,
            0.014,
            0.007,
            0.009,
            0.01
        ]
    },
    {
        "timestamp": 1713651444,
        "frequency": [
            1.0,
            2.0,
            3.0,
            4.0,
            5.0,
            6.0,
            8.0,
            9.0,
            10.0,
            11.0,
            12.0,
            13.0,
            14.0,
            15.0,
            16.0,
            17.0,
            18.0,
            19.0,
            20.0,
            21.0,
            22.0,
            23.0,
            24.0,
            25.0,
            26.0,
            27.0,
            28.0,
            29.0,
            30.0,
            31.0,
            32.0,
            35.0,
            36.0,
            37.0,
            38.0,
            39.0,
            81.0,
            82.0,
            83.0,
            90.0,
            91.0,
            93.0
        ],
        "magnitude": [
            0.007,
            0.058,
            0.015,
            0.011,
            0.021,
            0.035,
            0.015,
            0.016,
            0.033,
            0.027,
            0.051,
            0.018,
            0.082,
            0.061,
            0.077,
            0.06,
            0.052,
            0.017,
            0.018,
            0.009,
            0.024,
            0.031,
            0.014,
            0.006,
            0.008,
            0.014,
            0.008,
            0.008,
            0.011,
            0.01,
            0.009,
            0.005,
            0.01,
            0.008,
            0.008,
            0.007,
            0.005,
            0.005,
            0.005,
            0.006,
            0.005,
            0.006
        ]
    },
    {
        "timestamp": 1713651479,
        "frequency": [
            1.0,
            2.0,
            4.0,
            5.0,
            6.0,
            10.0,
            13.0,
            14.0,
            15.0,
            16.0,
            17.0,
            18.0,
            19.0,
            20.0,
            21.0,
            22.0,
            23.0,
            24.0,
            25.0
        ],
        "magnitude": [
            0.009,
            0.011,
            0.007,
            0.009,
            0.009,
            0.011,
            0.008,
            0.006,
            0.009,
            0.008,
            0.017,
            0.024,
            0.049,
            0.014,
            0.022,
            0.011,
            0.012,
            0.011,
            0.013
        ]
    },
    {
        "timestamp": 1713651494,
        "frequency": [
            1.0,
            2.0,
            3.0,
            4.0,
            5.0,
            6.0,
            10.0,
            11.0,
            12.0,
            13.0,
            14.0,
            15.0,
            16.0,
            17.0,
            18.0,
            21.0,
            22.0,
            23.0,
            24.0,
            25.0,
            26.0,
            28.0,
            30.0
        ],
        "magnitude": [
            0.006,
            0.014,
            0.016,
            0.016,
            0.01,
            0.014,
            0.013,
            0.011,
            0.009,
            0.008,
            0.011,
            0.015,
            0.02,
            0.035,
            0.044,
            0.02,
            0.013,
            0.007,
            0.006,
            0.007,
            0.018,
            0.009,
            0.005
        ]
    },
    {
        "timestamp": 1713651519,
        "frequency": [
            1.0,
            2.0,
            4.0,
            5.0,
            6.0,
            7.0,
            8.0,
            9.0,
            11.0,
            12.0,
            13.0,
            15.0,
            17.0,
            18.0,
            20.0,
            21.0,
            22.0,
            23.0,
            24.0,
            26.0
        ],
        "magnitude": [
            0.005,
            0.01,
            0.01,
            0.006,
            0.013,
            0.008,
            0.01,
            0.006,
            0.008,
            0.007,
            0.014,
            0.033,
            0.014,
            0.027,
            0.023,
            0.011,
            0.014,
            0.016,
            0.009,
            0.005
        ]
    },
    {
        "timestamp": 1713651544,
        "frequency": [
            3.0,
            5.0,
            6.0,
            7.0,
            8.0,
            9.0,
            12.0,
            13.0,
            14.0,
            15.0,
            16.0,
            17.0,
            18.0,
            19.0,
            20.0,
            22.0,
            23.0
        ],
        "magnitude": [
            0.01,
            0.022,
            0.018,
            0.011,
            0.008,
            0.01,
            0.008,
            0.014,
            0.009,
            0.007,
            0.021,
            0.021,
            0.014,
            0.038,
            0.023,
            0.009,
            0.006
        ]
    }
]