[
    {
        "timestamp": 1713440028,
        "frequency": [
            1.0,
            2.0,
            3.0,
            4.0,
            5.0,
            6.0,
            7.0,
            8.0,
            9.0,
            10.0,
            11.0,
            12.0,
            13.0,
            14.0,
            15.0,
            16.0,
            17.0,
            18.0,
            19.0,
            20.0,
            21.0,
            22.0,
            23.0,
            24.0,
            25.0,
            26.0,
            27.0,
            28.0,
            29.0,
            30.0,
            31.0,
            32.0,
            33.0,
            34.0,
            35.0,
            36.0,
            37.0,
            38.0,
            39.0,
            40.0,
            41.0,
            42.0,
            43.0,
            44.0,
            45.0,
            46.0,
            47.0,
            48.0,
            49.0,
            50.0,
            51.0,
            52.0,
            53.0,
            54.0,
            55.0,
            56.0,
            57.0,
            58.0,
            59.0,
            60.0
        ],
        "magnitude": [
            0.0,
            0.0,
            0.0,
            0.0,
            0.0,
            0.0,
            0.0,
            0.0,
            0.0,
            0.0,
            0.0,
            0.0,
            0.0,
            0.0,
            0.0,
            0.0,
            0.0,
            0.0,
            0.0,
            0.0,
            0.0,
            0.0,
            0.0,
            0.0,
            0.0,
            0.0,
            0.0,
            0.0,
            0.0,
            0.0,
            0.0,
            0.0,
            0.0,
            0.0,
            0.0,
            0.0,
            0.0,
            0.0,
            0.0,
            0.0,
            0.0,
            0.0,
            0.0,
            0.0,
            0.0,
            0.0,
            0.0,
            0.0,
            0.0,
            0.0,
            0.0,
            0.0,
            0.0,
            0.0,
            0.0,
            0.0,
            0.0,
            0.0,
            0.0,
            0.0
        ]
    },
    {
        "timestamp": 1713443609,
        "frequency": [
            2.0,
            4.0,
            5.0,
            6.0,
            7.0,
            9.0,
            10.0,
            11.0,
            12.0,
            14.0,
            15.0,
            17.0,
            20.0,
            21.0,
            26.0,
            31.0,
            34.0,
            37.0,
            41.0,
            46.0,
            49.0
        ],
        "magnitude": [
            0.007,
            0.016,
            0.057,
            0.081,
            0.018,
            0.006,
            0.042,
            0.031,
            0.023,
            0.006,
            0.007,
            0.005,
            0.007,
            0.005,
            0.006,
            0.007,
            0.005,
            0.005,
            0.007,
            0.006,
            0.006
        ]
    },
    {
        "timestamp": 1713443634,
        "frequency": [
            1.0,
            2.0,
            3.0,
            4.0,
            5.0,
            6.0,
            7.0,
            8.0,
            9.0,
            12.0,
            15.0,
            16.0,
            17.0,
            19.0,
            20.0,
            21.0,
            22.0,
            23.0,
            24.0,
            27.0,
            30.0,
            32.0,
            33.0,
            35.0,
            36.0,
            37.0,
            39.0,
            42.0,
            43.0,
            44.0,
            48.0,
            50.0,
            51.0,
            57.0,
            58.0,
            59.0,
            64.0,
            65.0,
            66.0,
            70.0,
            71.0,
            72.0,
            73.0,
            74.0,
            75.0,
            78.0,
            79.0,
            81.0,
            83.0,
            84.0,
            85.0,
            86.0,
            87.0,
            88.0,
            90.0,
            94.0,
            96.0,
            99.0
        ],
        "magnitude": [
            0.007,
            0.008,
            0.024,
            0.011,
            0.154,
            0.011,
            0.012,
            0.008,
            0.013,
            0.006,
            0.009,
            0.012,
            0.005,
            0.01,
            0.006,
            0.006,
            0.01,
            0.008,
            0.007,
            0.006,
            0.01,
            0.005,
            0.007,
            0.009,
            0.009,
            0.007,
            0.008,
            0.008,
            0.005,
            0.009,
            0.007,
            0.007,
            0.007,
            0.01,
            0.007,
            0.009,
            0.01,
            0.006,
            0.009,
            0.006,
            0.008,
            0.012,
            0.008,
            0.008,
            0.006,
            0.005,
            0.006,
            0.007,
            0.006,
            0.006,
            0.008,
            0.01,
            0.007,
            0.006,
            0.008,
            0.006,
            0.008,
            0.007
        ]
    },
    {
        "timestamp": 1713443659,
        "frequency": [
            2.0,
            3.0,
            4.0,
            5.0,
            6.0,
            7.0,
            8.0,
            9.0,
            10.0,
            11.0,
            13.0,
            15.0,
            16.0
        ],
        "magnitude": [
            0.015,
            0.005,
            0.006,
            0.065,
            0.045,
            0.011,
            0.01,
            0.008,
            0.01,
            0.008,
            0.005,
            0.007,
            0.006
        ]
    },
    {
        "timestamp": 1713444181,
        "frequency": [
            1.0,
            4.0,
            5.0
        ],
        "magnitude": [
            0.006,
            0.005,
            0.008
        ]
    },
    {
        "timestamp": 1713444306,
        "frequency": [
            3.0,
            4.0,
            5.0,
            6.0,
            7.0,
            8.0,
            9.0,
            10.0,
            11.0
        ],
        "magnitude": [
            0.012,
            0.008,
            0.033,
            0.073,
            0.016,
            0.023,
            0.013,
            0.006,
            0.012
        ]
    },
    {
        "timestamp": 1713259729,
        "frequency": [
            0.0,
            0.39
        ],
        "magnitude": [
            269.9,
            115.21
        ]
    },
    {
        "timestamp": 1713259753,
        "frequency": [
            0.0,
            0.39
        ],
        "magnitude": [
            269.89,
            115.27
        ]
    },
    {
        "timestamp": 1713259778,
        "frequency": [
            0.0,
            0.39
        ],
        "magnitude": [
            269.92,
            115.27
        ]
    },
    {
        "timestamp": 1713259803,
        "frequency": [
            0.0,
            0.39
        ],
        "magnitude": [
            269.95,
            115.29
        ]
    },
    {
        "timestamp": 1713259828,
        "frequency": [
            0.0,
            0.39
        ],
        "magnitude": [
            269.92,
            115.3
        ]
    },
    {
        "timestamp": 1713259853,
        "frequency": [
            0.0,
            0.39
        ],
        "magnitude": [
            269.93,
            115.27
        ]
    },
    {
        "timestamp": 1713259878,
        "frequency": [
            0.0,
            0.39
        ],
        "magnitude": [
            269.92,
            115.28
        ]
    },
    {
        "timestamp": 1713259903,
        "frequency": [
            0.0,
            0.39
        ],
        "magnitude": [
            269.88,
            115.27
        ]
    },
    {
        "timestamp": 1713259928,
        "frequency": [
            0.0,
            0.39
        ],
        "magnitude": [
            269.82,
            115.19
        ]
    },
    {
        "timestamp": 1713259953,
        "frequency": [
            0.0,
            0.39
        ],
        "magnitude": [
            269.96,
            115.27
        ]
    },
    {
        "timestamp": 1713444181,
        "frequency": [
            1.0,
            4.0,
            5.0
        ],
        "magnitude": [
            0.006,
            0.005,
            0.008
        ]
    },
    {
        "timestamp": 1713444306,
        "frequency": [
            3.0,
            4.0,
            5.0,
            6.0,
            7.0,
            8.0,
            9.0,
            10.0,
            11.0
        ],
        "magnitude": [
            0.012,
            0.008,
            0.033,
            0.073,
            0.016,
            0.023,
            0.013,
            0.006,
            0.012
        ]
    },
    {
        "timestamp": 1713444181,
        "frequency": [
            1.0,
            4.0,
            5.0
        ],
        "magnitude": [
            0.006,
            0.005,
            0.008
        ]
    },
    {
        "timestamp": 1713444306,
        "frequency": [
            3.0,
            4.0,
            5.0,
            6.0,
            7.0,
            8.0,
            9.0,
            10.0,
            11.0
        ],
        "magnitude": [
            0.012,
            0.008,
            0.033,
            0.073,
            0.016,
            0.023,
            0.013,
            0.006,
            0.012
        ]
    },
    {
        "timestamp": 1713444181,
        "frequency": [
            1.0,
            4.0,
            5.0
        ],
        "magnitude": [
            0.006,
            0.005,
            0.008
        ]
    },
    {
        "timestamp": 1713444306,
        "frequency": [
            3.0,
            4.0,
            5.0,
            6.0,
            7.0,
            8.0,
            9.0,
            10.0,
            11.0
        ],
        "magnitude": [
            0.012,
            0.008,
            0.033,
            0.073,
            0.016,
            0.023,
            0.013,
            0.006,
            0.012
        ]
    },
    {
        "timestamp": 1713452649,
        "frequency": [
            2.0,
            3.0,
            4.0,
            5.0,
            6.0,
            7.0,
            8.0,
            9.0
        ],
        "magnitude": [
            0.006,
            0.007,
            0.009,
            0.01,
            0.013,
            0.017,
            0.006,
            0.005
        ]
    },
    {
        "timestamp": 1713452674,
        "frequency": [
            4.0,
            5.0,
            6.0,
            7.0,
            8.0,
            9.0,
            10.0,
            11.0,
            12.0,
            13.0
        ],
        "magnitude": [
            0.011,
            0.02,
            0.089,
            0.03,
            0.014,
            0.009,
            0.005,
            0.008,
            0.01,
            0.009
        ]
    },
    {
        "timestamp": 1713454668,
        "frequency": [
            3.0,
            4.0,
            5.0,
            6.0,
            7.0,
            8.0,
            9.0,
            10.0,
            11.0,
            12.0
        ],
        "magnitude": [
            0.01,
            0.06,
            0.091,
            0.131,
            0.04,
            0.029,
            0.018,
            0.009,
            0.022,
            0.012
        ]
    },
    {
        "timestamp": 1713444181,
        "frequency": [
            1.0,
            4.0,
            5.0
        ],
        "magnitude": [
            0.006,
            0.005,
            0.008
        ]
    },
    {
        "timestamp": 1713444306,
        "frequency": [
            3.0,
            4.0,
            5.0,
            6.0,
            7.0,
            8.0,
            9.0,
            10.0,
            11.0
        ],
        "magnitude": [
            0.012,
            0.008,
            0.033,
            0.073,
            0.016,
            0.023,
            0.013,
            0.006,
            0.012
        ]
    },
    {
        "timestamp": 1713444181,
        "frequency": [
            1.0,
            4.0,
            5.0
        ],
        "magnitude": [
            0.006,
            0.005,
            0.008
        ]
    },
    {
        "timestamp": 1713444306,
        "frequency": [
            3.0,
            4.0,
            5.0,
            6.0,
            7.0,
            8.0,
            9.0,
            10.0,
            11.0
        ],
        "magnitude": [
            0.012,
            0.008,
            0.033,
            0.073,
            0.016,
            0.023,
            0.013,
            0.006,
            0.012
        ]
    },
    {
        "timestamp": 1713444181,
        "frequency": [
            1.0,
            4.0,
            5.0
        ],
        "magnitude": [
            0.006,
            0.005,
            0.008
        ]
    },
    {
        "timestamp": 1713444306,
        "frequency": [
            3.0,
            4.0,
            5.0,
            6.0,
            7.0,
            8.0,
            9.0,
            10.0,
            11.0
        ],
        "magnitude": [
            0.012,
            0.008,
            0.033,
            0.073,
            0.016,
            0.023,
            0.013,
            0.006,
            0.012
        ]
    },
    {
        "timestamp": 1713444181,
        "frequency": [
            1.0,
            4.0,
            5.0
        ],
        "magnitude": [
            0.006,
            0.005,
            0.008
        ]
    },
    {
        "timestamp": 1713444306,
        "frequency": [
            3.0,
            4.0,
            5.0,
            6.0,
            7.0,
            8.0,
            9.0,
            10.0,
            11.0
        ],
        "magnitude": [
            0.012,
            0.008,
            0.033,
            0.073,
            0.016,
            0.023,
            0.013,
            0.006,
            0.012
        ]
    },
    {
        "timestamp": 1713444181,
        "frequency": [
            1.0,
            4.0,
            5.0
        ],
        "magnitude": [
            0.006,
            0.005,
            0.008
        ]
    },
    {
        "timestamp": 1713444306,
        "frequency": [
            3.0,
            4.0,
            5.0,
            6.0,
            7.0,
            8.0,
            9.0,
            10.0,
            11.0
        ],
        "magnitude": [
            0.012,
            0.008,
            0.033,
            0.073,
            0.016,
            0.023,
            0.013,
            0.006,
            0.012
        ]
    },
    {
        "timestamp": 1713463127,
        "frequency": [
            3.0,
            6.0,
            7.0,
            8.0,
            9.0,
            10.0,
            11.0,
            12.0,
            14.0,
            15.0,
            73.0
        ],
        "magnitude": [
            0.018,
            0.006,
            0.006,
            0.015,
            0.028,
            0.012,
            0.006,
            0.024,
            0.006,
            0.014,
            0.006
        ]
    },
    {
        "timestamp": 1713530100,
        "frequency": [
            60.0,
            67.0,
            68.0,
            69.0,
            70.0,
            71.0,
            72.0,
            73.0
        ],
        "magnitude": [
            0.005,
            0.005,
            0.006,
            0.006,
            0.006,
            0.006,
            0.006,
            0.005
        ]
    },
    {
        "timestamp": 1713546862,
        "frequency": [
            2.0,
            3.0,
            4.0,
            5.0,
            6.0,
            7.0,
            9.0,
            12.0,
            13.0,
            14.0,
            15.0,
            18.0,
            19.0,
            20.0,
            21.0,
            22.0,
            23.0,
            24.0,
            25.0,
            26.0,
            27.0,
            28.0,
            30.0,
            31.0,
            32.0,
            33.0,
            34.0,
            35.0,
            36.0,
            37.0,
            39.0,
            40.0,
            41.0,
            42.0,
            43.0,
            44.0,
            45.0,
            46.0,
            47.0,
            48.0,
            49.0,
            50.0,
            51.0,
            52.0,
            53.0,
            54.0,
            55.0,
            56.0,
            57.0,
            58.0,
            59.0,
            60.0,
            61.0,
            62.0,
            63.0,
            64.0,
            65.0,
            66.0,
            67.0,
            68.0,
            69.0,
            70.0,
            71.0,
            73.0,
            74.0,
            76.0,
            79.0,
            82.0,
            85.0,
            86.0,
            89.0,
            91.0,
            94.0,
            95.0,
            97.0
        ],
        "magnitude": [
            0.006,
            0.005,
            0.007,
            0.008,
            0.008,
            0.007,
            0.012,
            0.011,
            0.009,
            0.007,
            0.016,
            0.013,
            0.012,
            0.005,
            0.015,
            0.011,
            0.01,
            0.018,
            0.014,
            0.006,
            0.013,
            0.011,
            0.021,
            0.01,
            0.01,
            0.014,
            0.014,
            0.008,
            0.013,
            0.007,
            0.014,
            0.011,
            0.007,
            0.016,
            0.018,
            0.006,
            0.011,
            0.008,
            0.006,
            0.01,
            0.014,
            0.014,
            0.016,
            0.015,
            0.009,
            0.011,
            0.008,
            0.011,
            0.008,
            0.014,
            0.009,
            0.011,
            0.014,
            0.008,
            0.007,
            0.011,
            0.011,
            0.01,
            0.011,
            0.008,
            0.01,
            0.006,
            0.01,
            0.01,
            0.006,
            0.009,
            0.008,
            0.007,
            0.006,
            0.005,
            0.005,
            0.007,
            0.005,
            0.007,
            0.005
        ]
    },
    {
        "timestamp": 1713547816,
        "frequency": [
            1.0,
            2.0,
            3.0,
            4.0,
            5.0,
            6.0,
            7.0,
            8.0,
            9.0,
            10.0,
            11.0,
            12.0,
            13.0,
            14.0,
            15.0,
            16.0,
            17.0,
            18.0,
            19.0,
            20.0,
            21.0,
            22.0,
            23.0,
            24.0,
            25.0,
            26.0,
            27.0,
            28.0,
            29.0,
            30.0,
            31.0,
            32.0,
            33.0,
            34.0,
            35.0,
            36.0,
            37.0,
            38.0,
            39.0,
            40.0,
            41.0,
            42.0,
            43.0,
            44.0,
            45.0,
            46.0,
            47.0,
            48.0,
            49.0,
            50.0,
            51.0,
            52.0,
            53.0,
            54.0,
            55.0,
            56.0,
            57.0,
            58.0,
            59.0,
            60.0,
            61.0,
            62.0,
            63.0,
            64.0,
            65.0,
            66.0,
            67.0,
            68.0,
            69.0,
            70.0,
            71.0,
            72.0,
            73.0,
            74.0,
            75.0,
            76.0,
            77.0,
            78.0,
            79.0,
            82.0,
            84.0,
            86.0,
            88.0,
            90.0,
            92.0,
            94.0,
            96.0,
            97.0,
            98.0,
            99.0
        ],
        "magnitude": [
            0.017,
            0.016,
            0.017,
            0.016,
            0.017,
            0.014,
            0.015,
            0.015,
            0.016,
            0.015,
            0.016,
            0.014,
            0.014,
            0.012,
            0.014,
            0.011,
            0.011,
            0.013,
            0.012,
            0.012,
            0.012,
            0.014,
            0.014,
            0.016,
            0.016,
            0.016,
            0.017,
            0.017,
            0.018,
            0.016,
            0.017,
            0.016,
            0.016,
            0.017,
            0.013,
            0.014,
            0.012,
            0.011,
            0.01,
            0.009,
            0.009,
            0.008,
            0.011,
            0.005,
            0.011,
            0.007,
            0.011,
            0.009,
            0.011,
            0.011,
            0.013,
            0.01,
            0.012,
            0.012,
            0.012,
            0.011,
            0.014,
            0.014,
            0.014,
            0.016,
            0.016,
            0.016,
            0.017,
            0.017,
            0.016,
            0.015,
            0.015,
            0.015,
            0.014,
            0.013,
            0.012,
            0.013,
            0.01,
            0.01,
            0.008,
            0.008,
            0.006,
            0.007,
            0.007,
            0.006,
            0.006,
            0.006,
            0.006,
            0.008,
            0.007,
            0.009,
            0.011,
            0.006,
            0.01,
            0.009
        ]
    },
    {
        "timestamp": 1713547890,
        "frequency": [
            2.0,
            3.0,
            4.0,
            5.0,
            6.0,
            8.0,
            9.0
        ],
        "magnitude": [
            0.025,
            0.016,
            0.007,
            0.01,
            0.013,
            0.011,
            0.008
        ]
    },
    {
        "timestamp": 1713547925,
        "frequency": [
            1.0,
            2.0,
            3.0,
            4.0,
            5.0,
            6.0
        ],
        "magnitude": [
            0.027,
            0.035,
            0.008,
            0.012,
            0.011,
            0.005
        ]
    },
    {
        "timestamp": 1713548090,
        "frequency": [
            1.0,
            4.0,
            9.0,
            12.0,
            17.0,
            19.0,
            26.0,
            39.0,
            40.0
        ],
        "magnitude": [
            0.006,
            0.007,
            0.005,
            0.007,
            0.006,
            0.005,
            0.006,
            0.005,
            0.006
        ]
    },
    {
        "timestamp": 1713548115,
        "frequency": [
            5.0,
            6.0,
            7.0,
            11.0,
            13.0,
            14.0,
            15.0,
            16.0,
            18.0,
            19.0,
            20.0,
            21.0,
            22.0,
            24.0,
            25.0,
            26.0,
            27.0,
            30.0,
            32.0,
            33.0,
            34.0,
            35.0,
            41.0,
            42.0,
            44.0,
            71.0,
            83.0,
            84.0,
            90.0,
            94.0,
            95.0
        ],
        "magnitude": [
            0.006,
            0.008,
            0.006,
            0.01,
            0.006,
            0.005,
            0.007,
            0.005,
            0.006,
            0.007,
            0.008,
            0.007,
            0.007,
            0.006,
            0.009,
            0.009,
            0.006,
            0.011,
            0.01,
            0.014,
            0.012,
            0.005,
            0.006,
            0.006,
            0.012,
            0.005,
            0.006,
            0.006,
            0.005,
            0.006,
            0.005
        ]
    },
    {
        "timestamp": 1713548140,
        "frequency": [
            3.0,
            5.0,
            6.0,
            7.0,
            19.0,
            20.0,
            24.0,
            30.0,
            32.0,
            33.0,
            44.0
        ],
        "magnitude": [
            0.008,
            0.009,
            0.005,
            0.007,
            0.006,
            0.005,
            0.006,
            0.006,
            0.006,
            0.011,
            0.006
        ]
    },
    {
        "timestamp": 1713548175,
        "frequency": [
            3.0,
            4.0,
            20.0,
            25.0,
            32.0,
            85.0
        ],
        "magnitude": [
            0.006,
            0.008,
            0.006,
            0.006,
            0.008,
            0.007
        ]
    },
    {
        "timestamp": 1713548191,
        "frequency": [
            13.0,
            15.0,
            18.0,
            19.0,
            20.0,
            22.0,
            23.0,
            29.0,
            36.0,
            37.0,
            38.0,
            39.0,
            44.0,
            46.0
        ],
        "magnitude": [
            0.005,
            0.006,
            0.005,
            0.005,
            0.007,
            0.008,
            0.01,
            0.006,
            0.006,
            0.009,
            0.008,
            0.008,
            0.005,
            0.005
        ]
    },
    {
        "timestamp": 1713548215,
        "frequency": [
            1.0,
            4.0,
            5.0,
            9.0,
            10.0,
            11.0,
            12.0,
            14.0,
            15.0,
            16.0,
            17.0,
            18.0,
            20.0,
            21.0,
            22.0,
            23.0,
            24.0,
            25.0,
            26.0,
            27.0,
            28.0,
            30.0,
            31.0,
            33.0,
            35.0,
            36.0,
            40.0,
            41.0,
            42.0,
            43.0,
            45.0,
            46.0
        ],
        "magnitude": [
            0.007,
            0.005,
            0.008,
            0.011,
            0.008,
            0.011,
            0.007,
            0.008,
            0.02,
            0.011,
            0.008,
            0.01,
            0.005,
            0.008,
            0.006,
            0.008,
            0.008,
            0.005,
            0.006,
            0.005,
            0.006,
            0.008,
            0.007,
            0.007,
            0.009,
            0.007,
            0.006,
            0.008,
            0.008,
            0.008,
            0.006,
            0.007
        ]
    },
    {
        "timestamp": 1713548273,
        "frequency": [
            4.0,
            11.0,
            31.0,
            34.0,
            37.0,
            44.0
        ],
        "magnitude": [
            0.008,
            0.006,
            0.01,
            0.006,
            0.005,
            0.005
        ]
    },
    {
        "timestamp": 1713548299,
        "frequency": [
            1.0,
            3.0,
            5.0,
            6.0,
            7.0,
            10.0,
            15.0,
            16.0,
            17.0,
            18.0,
            19.0,
            20.0,
            21.0,
            23.0,
            24.0,
            32.0,
            33.0,
            36.0
        ],
        "magnitude": [
            0.005,
            0.006,
            0.014,
            0.012,
            0.015,
            0.005,
            0.007,
            0.008,
            0.008,
            0.006,
            0.009,
            0.007,
            0.009,
            0.006,
            0.009,
            0.006,
            0.008,
            0.009
        ]
    },
    {
        "timestamp": 1713548316,
        "frequency": [
            4.0,
            5.0,
            7.0,
            9.0,
            20.0
        ],
        "magnitude": [
            0.006,
            0.01,
            0.005,
            0.007,
            0.006
        ]
    },
    {
        "timestamp": 1713548339,
        "frequency": [
            2.0,
            5.0,
            6.0,
            8.0,
            11.0,
            12.0,
            19.0,
            20.0,
            23.0,
            25.0,
            26.0
        ],
        "magnitude": [
            0.005,
            0.011,
            0.006,
            0.005,
            0.005,
            0.005,
            0.008,
            0.011,
            0.007,
            0.006,
            0.005
        ]
    },
    {
        "timestamp": 1713548364,
        "frequency": [
            3.0,
            4.0
        ],
        "magnitude": [
            0.008,
            0.008
        ]
    },
    {
        "timestamp": 1713548389,
        "frequency": [
            2.0,
            4.0,
            32.0,
            35.0,
            36.0,
            37.0
        ],
        "magnitude": [
            0.006,
            0.005,
            0.006,
            0.008,
            0.009,
            0.009
        ]
    },
    {
        "timestamp": 1713548424,
        "frequency": [
            6.0,
            11.0,
            13.0,
            16.0,
            20.0,
            22.0,
            25.0,
            26.0,
            30.0,
            33.0,
            45.0,
            46.0
        ],
        "magnitude": [
            0.006,
            0.005,
            0.007,
            0.008,
            0.007,
            0.007,
            0.006,
            0.007,
            0.005,
            0.009,
            0.008,
            0.006
        ]
    },
    {
        "timestamp": 1713548464,
        "frequency": [
            17.0
        ],
        "magnitude": [
            0.005
        ]
    },
    {
        "timestamp": 1713548488,
        "frequency": [
            2.0,
            3.0,
            4.0,
            5.0
        ],
        "magnitude": [
            0.008,
            0.009,
            0.007,
            0.009
        ]
    },
    {
        "timestamp": 1713548513,
        "frequency": [
            3.0,
            7.0,
            8.0,
            10.0,
            19.0,
            32.0,
            43.0
        ],
        "magnitude": [
            0.008,
            0.005,
            0.005,
            0.007,
            0.006,
            0.008,
            0.005
        ]
    },
    {
        "timestamp": 1713548548,
        "frequency": [
            20.0,
            21.0
        ],
        "magnitude": [
            0.006,
            0.023
        ]
    },
    {
        "timestamp": 1713551519,
        "frequency": [
            8.0,
            9.0,
            12.0,
            15.0,
            16.0,
            17.0,
            19.0,
            20.0,
            21.0,
            22.0,
            24.0,
            25.0,
            26.0,
            27.0,
            28.0,
            30.0,
            31.0,
            33.0,
            37.0,
            42.0
        ],
        "magnitude": [
            0.009,
            0.012,
            0.008,
            0.011,
            0.012,
            0.007,
            0.007,
            0.009,
            0.009,
            0.01,
            0.009,
            0.011,
            0.008,
            0.01,
            0.008,
            0.006,
            0.007,
            0.008,
            0.006,
            0.008
        ]
    },
    {
        "timestamp": 1713551569,
        "frequency": [
            1.0,
            2.0,
            3.0,
            4.0,
            6.0,
            7.0,
            10.0,
            11.0,
            12.0,
            13.0,
            14.0,
            15.0,
            16.0,
            17.0,
            18.0,
            19.0,
            20.0,
            22.0,
            23.0,
            24.0,
            25.0,
            26.0,
            28.0,
            29.0,
            30.0,
            31.0,
            32.0,
            33.0,
            34.0,
            40.0,
            46.0,
            54.0
        ],
        "magnitude": [
            0.033,
            0.046,
            0.054,
            0.019,
            0.013,
            0.013,
            0.007,
            0.007,
            0.018,
            0.008,
            0.006,
            0.01,
            0.025,
            0.019,
            0.007,
            0.011,
            0.006,
            0.006,
            0.007,
            0.014,
            0.011,
            0.005,
            0.007,
            0.013,
            0.021,
            0.016,
            0.022,
            0.012,
            0.012,
            0.011,
            0.005,
            0.007
        ]
    },
    {
        "timestamp": 1713551755,
        "frequency": [
            4.0,
            5.0,
            7.0,
            9.0,
            10.0,
            13.0,
            14.0,
            15.0,
            19.0,
            21.0,
            23.0,
            43.0,
            47.0,
            48.0,
            94.0
        ],
        "magnitude": [
            0.005,
            0.009,
            0.006,
            0.006,
            0.005,
            0.005,
            0.006,
            0.007,
            0.005,
            0.005,
            0.007,
            0.007,
            0.008,
            0.009,
            0.006
        ]
    },
    {
        "timestamp": 1713551790,
        "frequency": [
            1.0,
            2.0,
            4.0,
            5.0,
            8.0,
            13.0,
            17.0,
            21.0,
            26.0,
            27.0,
            41.0,
            44.0,
            98.0
        ],
        "magnitude": [
            0.01,
            0.007,
            0.01,
            0.01,
            0.007,
            0.007,
            0.006,
            0.006,
            0.007,
            0.01,
            0.006,
            0.006,
            0.005
        ]
    },
    {
        "timestamp": 1713551805,
        "frequency": [
            1.0,
            2.0,
            3.0,
            4.0,
            5.0,
            6.0,
            7.0,
            8.0,
            9.0,
            10.0,
            11.0,
            12.0,
            20.0,
            21.0,
            22.0,
            24.0,
            25.0,
            27.0,
            30.0,
            32.0,
            33.0,
            36.0,
            37.0,
            39.0,
            40.0,
            41.0
        ],
        "magnitude": [
            0.014,
            0.043,
            0.014,
            0.01,
            0.007,
            0.019,
            0.012,
            0.008,
            0.009,
            0.012,
            0.008,
            0.006,
            0.006,
            0.006,
            0.011,
            0.005,
            0.007,
            0.005,
            0.006,
            0.006,
            0.007,
            0.006,
            0.006,
            0.005,
            0.008,
            0.007
        ]
    },
    {
        "timestamp": 1713551830,
        "frequency": [
            7.0
        ],
        "magnitude": [
            0.007
        ]
    },
    {
        "timestamp": 1713551855,
        "frequency": [
            2.0,
            3.0,
            4.0,
            5.0,
            6.0,
            10.0,
            19.0,
            28.0,
            31.0,
            37.0,
            40.0
        ],
        "magnitude": [
            0.008,
            0.008,
            0.009,
            0.005,
            0.011,
            0.005,
            0.007,
            0.007,
            0.006,
            0.006,
            0.006
        ]
    },
    {
        "timestamp": 1713551880,
        "frequency": [
            2.0,
            4.0,
            5.0,
            7.0,
            8.0,
            11.0,
            12.0,
            13.0,
            14.0,
            19.0,
            20.0,
            22.0,
            24.0,
            25.0,
            26.0,
            32.0,
            33.0,
            35.0,
            36.0,
            38.0,
            40.0
        ],
        "magnitude": [
            0.011,
            0.007,
            0.009,
            0.018,
            0.011,
            0.006,
            0.008,
            0.01,
            0.007,
            0.005,
            0.005,
            0.007,
            0.006,
            0.006,
            0.008,
            0.006,
            0.006,
            0.006,
            0.01,
            0.006,
            0.008
        ]
    },
    {
        "timestamp": 1713551980,
        "frequency": [
            1.0,
            2.0,
            3.0,
            4.0,
            5.0,
            6.0,
            7.0,
            9.0,
            10.0,
            11.0,
            13.0,
            14.0
        ],
        "magnitude": [
            0.027,
            0.032,
            0.01,
            0.026,
            0.006,
            0.006,
            0.006,
            0.013,
            0.008,
            0.007,
            0.009,
            0.01
        ]
    },
    {
        "timestamp": 1713552005,
        "frequency": [
            1.0,
            2.0,
            3.0,
            4.0,
            5.0,
            9.0,
            11.0
        ],
        "magnitude": [
            0.009,
            0.021,
            0.029,
            0.021,
            0.014,
            0.005,
            0.006
        ]
    },
    {
        "timestamp": 1713552040,
        "frequency": [
            2.0,
            3.0,
            4.0
        ],
        "magnitude": [
            0.006,
            0.007,
            0.005
        ]
    },
    {
        "timestamp": 1713552055,
        "frequency": [
            1.0,
            2.0,
            3.0,
            4.0,
            5.0,
            6.0,
            7.0,
            8.0,
            9.0,
            10.0,
            11.0,
            12.0,
            13.0,
            14.0,
            15.0,
            16.0,
            17.0,
            18.0,
            19.0,
            20.0,
            21.0,
            22.0,
            23.0,
            24.0,
            25.0,
            27.0,
            29.0,
            30.0,
            31.0,
            32.0,
            36.0,
            39.0
        ],
        "magnitude": [
            0.035,
            0.005,
            0.018,
            0.026,
            0.031,
            0.022,
            0.006,
            0.017,
            0.019,
            0.012,
            0.013,
            0.013,
            0.019,
            0.011,
            0.013,
            0.009,
            0.015,
            0.028,
            0.014,
            0.007,
            0.006,
            0.012,
            0.012,
            0.016,
            0.006,
            0.008,
            0.009,
            0.006,
            0.009,
            0.01,
            0.009,
            0.006
        ]
    },
    {
        "timestamp": 1713564283,
        "frequency": [
            1.0,
            2.0,
            3.0,
            4.0,
            5.0,
            6.0,
            7.0,
            8.0,
            9.0,
            10.0,
            11.0,
            12.0,
            13.0,
            14.0,
            15.0,
            16.0,
            17.0,
            19.0,
            21.0,
            23.0,
            24.0,
            26.0,
            27.0,
            28.0,
            31.0,
            32.0,
            33.0,
            34.0,
            35.0,
            37.0,
            41.0,
            42.0,
            45.0,
            46.0,
            48.0,
            49.0,
            50.0,
            52.0,
            54.0,
            55.0,
            60.0,
            63.0,
            68.0,
            70.0,
            73.0,
            75.0,
            76.0,
            77.0,
            81.0,
            82.0,
            85.0,
            87.0,
            90.0,
            91.0,
            92.0,
            94.0,
            95.0,
            99.0
        ],
        "magnitude": [
            0.016,
            0.005,
            0.019,
            0.049,
            0.02,
            0.206,
            0.431,
            0.042,
            0.015,
            0.017,
            0.015,
            0.013,
            0.024,
            0.009,
            0.011,
            0.009,
            0.008,
            0.011,
            0.007,
            0.006,
            0.008,
            0.008,
            0.005,
            0.011,
            0.009,
            0.009,
            0.007,
            0.007,
            0.007,
            0.012,
            0.009,
            0.007,
            0.008,
            0.005,
            0.006,
            0.006,
            0.01,
            0.005,
            0.006,
            0.01,
            0.006,
            0.008,
            0.008,
            0.006,
            0.008,
            0.005,
            0.005,
            0.007,
            0.01,
            0.007,
            0.007,
            0.006,
            0.007,
            0.006,
            0.006,
            0.008,
            0.011,
            0.005
        ]
    },
    {
        "timestamp": 1713564308,
        "frequency": [
            2.0,
            3.0,
            4.0,
            5.0,
            6.0,
            7.0,
            8.0,
            9.0,
            10.0,
            11.0,
            12.0,
            13.0,
            14.0,
            15.0
        ],
        "magnitude": [
            0.006,
            0.006,
            0.01,
            0.063,
            0.42,
            0.102,
            0.022,
            0.008,
            0.006,
            0.007,
            0.021,
            0.014,
            0.008,
            0.006
        ]
    },
    {
        "timestamp": 1713564333,
        "frequency": [
            1.0,
            2.0,
            3.0,
            4.0,
            5.0,
            7.0,
            8.0,
            9.0,
            10.0,
            11.0,
            12.0,
            14.0,
            15.0,
            16.0,
            17.0,
            19.0,
            20.0,
            21.0,
            23.0,
            24.0,
            25.0,
            26.0,
            27.0,
            28.0,
            29.0,
            30.0,
            34.0,
            35.0,
            36.0,
            37.0,
            38.0,
            39.0,
            40.0,
            41.0,
            42.0,
            43.0,
            44.0,
            45.0,
            46.0,
            48.0,
            49.0,
            53.0,
            54.0,
            56.0,
            57.0,
            58.0,
            59.0,
            61.0,
            62.0,
            63.0,
            64.0,
            65.0,
            66.0,
            68.0,
            69.0,
            70.0,
            71.0,
            72.0,
            73.0,
            74.0,
            75.0,
            76.0,
            77.0,
            78.0,
            79.0,
            80.0,
            81.0,
            82.0,
            84.0,
            85.0,
            86.0,
            87.0,
            88.0,
            89.0,
            90.0,
            91.0,
            92.0,
            95.0,
            96.0,
            97.0
        ],
        "magnitude": [
            0.008,
            0.011,
            0.012,
            0.009,
            0.055,
            0.012,
            0.006,
            0.013,
            0.016,
            0.017,
            0.012,
            0.015,
            0.007,
            0.013,
            0.009,
            0.02,
            0.009,
            0.022,
            0.007,
            0.011,
            0.009,
            0.017,
            0.007,
            0.006,
            0.012,
            0.006,
            0.005,
            0.015,
            0.006,
            0.011,
            0.009,
            0.009,
            0.021,
            0.009,
            0.01,
            0.018,
            0.009,
            0.011,
            0.009,
            0.016,
            0.014,
            0.015,
            0.012,
            0.01,
            0.005,
            0.015,
            0.007,
            0.014,
            0.007,
            0.018,
            0.007,
            0.006,
            0.013,
            0.023,
            0.006,
            0.012,
            0.017,
            0.013,
            0.022,
            0.008,
            0.01,
            0.015,
            0.022,
            0.018,
            0.007,
            0.011,
            0.007,
            0.023,
            0.009,
            0.008,
            0.012,
            0.017,
            0.009,
            0.005,
            0.011,
            0.01,
            0.008,
            0.013,
            0.013,
            0.008
        ]
    },
    {
        "timestamp": 1713444181,
        "frequency": [
            1.0,
            4.0,
            5.0
        ],
        "magnitude": [
            0.006,
            0.005,
            0.008
        ]
    },
    {
        "timestamp": 1713444306,
        "frequency": [
            3.0,
            4.0,
            5.0,
            6.0,
            7.0,
            8.0,
            9.0,
            10.0,
            11.0
        ],
        "magnitude": [
            0.012,
            0.008,
            0.033,
            0.073,
            0.016,
            0.023,
            0.013,
            0.006,
            0.012
        ]
    },
    {
        "timestamp": 1713444181,
        "frequency": [
            1.0,
            4.0,
            5.0
        ],
        "magnitude": [
            0.006,
            0.005,
            0.008
        ]
    },
    {
        "timestamp": 1713444306,
        "frequency": [
            3.0,
            4.0,
            5.0,
            6.0,
            7.0,
            8.0,
            9.0,
            10.0,
            11.0
        ],
        "magnitude": [
            0.012,
            0.008,
            0.033,
            0.073,
            0.016,
            0.023,
            0.013,
            0.006,
            0.012
        ]
    },
    {
        "timestamp": 1713444181,
        "frequency": [
            1.0,
            4.0,
            5.0
        ],
        "magnitude": [
            0.006,
            0.005,
            0.008
        ]
    },
    {
        "timestamp": 1713444306,
        "frequency": [
            3.0,
            4.0,
            5.0,
            6.0,
            7.0,
            8.0,
            9.0,
            10.0,
            11.0
        ],
        "magnitude": [
            0.012,
            0.008,
            0.033,
            0.073,
            0.016,
            0.023,
            0.013,
            0.006,
            0.012
        ]
    },
    {
        "timestamp": 1713444181,
        "frequency": [
            1.0,
            4.0,
            5.0
        ],
        "magnitude": [
            0.006,
            0.005,
            0.008
        ]
    },
    {
        "timestamp": 1713444306,
        "frequency": [
            3.0,
            4.0,
            5.0,
            6.0,
            7.0,
            8.0,
            9.0,
            10.0,
            11.0
        ],
        "magnitude": [
            0.012,
            0.008,
            0.033,
            0.073,
            0.016,
            0.023,
            0.013,
            0.006,
            0.012
        ]
    },
    {
        "timestamp": 1713444181,
        "frequency": [
            1.0,
            4.0,
            5.0
        ],
        "magnitude": [
            0.006,
            0.005,
            0.008
        ]
    },
    {
        "timestamp": 1713444306,
        "frequency": [
            3.0,
            4.0,
            5.0,
            6.0,
            7.0,
            8.0,
            9.0,
            10.0,
            11.0
        ],
        "magnitude": [
            0.012,
            0.008,
            0.033,
            0.073,
            0.016,
            0.023,
            0.013,
            0.006,
            0.012
        ]
    },
    {
        "timestamp": 1713444181,
        "frequency": [
            1.0,
            4.0,
            5.0
        ],
        "magnitude": [
            0.006,
            0.005,
            0.008
        ]
    },
    {
        "timestamp": 1713444306,
        "frequency": [
            3.0,
            4.0,
            5.0,
            6.0,
            7.0,
            8.0,
            9.0,
            10.0,
            11.0
        ],
        "magnitude": [
            0.012,
            0.008,
            0.033,
            0.073,
            0.016,
            0.023,
            0.013,
            0.006,
            0.012
        ]
    }
]