[
    {
        "timestamp": 1718649856,
        "index": [
            0,
            5,
            10,
            15,
            20,
            25,
            30,
            35,
            40,
            45,
            50,
            55,
            60,
            65,
            70,
            75,
            80,
            85,
            90,
            95,
            100,
            105,
            110,
            115,
            120,
            125,
            130,
            135,
            140,
            145,
            150,
            155,
            160,
            165,
            170,
            175,
            180,
            185,
            190,
            195,
            200,
            205,
            210,
            215,
            220,
            225,
            230,
            235,
            240,
            245
        ],
        "accelx": [
            0.1335,
            1.8574,
            0.7527,
            2.1311,
            1.114,
            0.9285,
            0.3599,
            0.4946,
            0.3982,
            0.1858,
            -0.0862,
            -1.0388,
            -0.2576,
            0.2749,
            0.3433,
            -0.5991,
            -0.0093,
            -0.2781,
            -0.1707,
            -0.1333,
            -0.3062,
            -0.0425,
            -0.0081,
            -0.135,
            -0.0176,
            0.0386,
            0.011,
            0.0747,
            0.0498,
            0.0603,
            0.0481,
            -0.0417,
            -0.0195,
            -0.0498,
            -0.0557,
            -0.0225,
            -0.0422,
            -0.0498,
            -0.0347,
            -0.0364,
            -0.0229,
            0.0017,
            -0.0017,
            -0.0166,
            -0.0293,
            -0.0403,
            -0.0237,
            -0.0222,
            -0.0234,
            -0.0178
        ],
        "accely": [
            0.0032,
            0.8621,
            -0.7139,
            0.2688,
            0.4082,
            0.8201,
            0.6235,
            0.01,
            0.1724,
            -0.1458,
            0.228,
            0.1147,
            0.0701,
            -0.2979,
            2.1414,
            -0.5457,
            0.7363,
            -0.7815,
            -0.5356,
            0.0713,
            -0.1433,
            -0.3347,
            -0.0366,
            0.0452,
            -0.1345,
            -0.0139,
            0.0825,
            -0.011,
            0.0962,
            0.0134,
            -0.0979,
            0.0203,
            -0.0415,
            0.0015,
            -0.0364,
            -0.0759,
            -0.0291,
            0.0063,
            -0.0215,
            -0.0293,
            -0.0686,
            -0.0598,
            0.0005,
            0.0032,
            -0.0054,
            -0.03,
            -0.054,
            -0.0317,
            -0.0002,
            -0.02
        ],
        "accelz": [
            -0.0481,
            7.9998,
            7.9998,
            5.7788,
            0.5166,
            1.9421,
            0.1409,
            0.4912,
            0.5215,
            0.6084,
            1.2732,
            3.7451,
            -1.2463,
            2.4963,
            1.3093,
            2.2646,
            -0.5042,
            1.7227,
            1.032,
            0.7559,
            1.6199,
            1.0054,
            0.4712,
            1.2295,
            1.0767,
            0.8796,
            1.0835,
            0.8306,
            1.0393,
            1.1953,
            1.0051,
            0.9417,
            0.9453,
            1.0247,
            1.1211,
            1.001,
            0.8601,
            0.9546,
            1.0586,
            1.0645,
            0.9932,
            0.9194,
            0.9836,
            1.0327,
            1.0244,
            0.9758,
            0.9766,
            0.9924,
            1.001,
            0.9817
        ],
        "impact_id": 0
    },
    {
        "timestamp": 1718651136,
        "index": [
            0,
            5,
            10,
            15,
            20,
            25,
            30,
            35,
            40,
            45,
            50,
            55,
            60,
            65,
            70,
            75,
            80,
            85,
            90,
            95,
            100,
            105,
            110,
            115,
            120,
            125,
            130,
            135,
            140,
            145,
            150,
            155,
            160,
            165,
            170,
            175,
            180,
            185,
            190,
            195
        ],
        "accelx": [
            -0.3181,
            0.0996,
            2.3611,
            2.8013,
            2.2681,
            0.9866,
            0.584,
            -0.1658,
            -0.0371,
            0.0122,
            -0.2026,
            -1.1599,
            -0.2324,
            -0.0801,
            -0.2666,
            -0.5037,
            -0.2339,
            -0.3203,
            -0.0957,
            -0.0525,
            -0.0884,
            -0.0269,
            -0.0037,
            0.0894,
            0.1785,
            0.1567,
            0.1182,
            0.0305,
            -0.0149,
            -0.0679,
            -0.072,
            -0.0864,
            -0.0984,
            -0.0959,
            -0.0854,
            -0.0659,
            -0.0266,
            -0.0125,
            0.0068,
            0.0225
        ],
        "accely": [
            -0.0991,
            -0.366,
            -1.4502,
            0.7659,
            2.5222,
            0.8201,
            0.4182,
            0.4473,
            0.084,
            -0.3376,
            0.4668,
            -0.1323,
            -0.3398,
            0.3213,
            0.1396,
            0.1567,
            -0.0291,
            -0.1858,
            -0.1167,
            -0.1062,
            -0.0483,
            -0.0117,
            -0.0146,
            -0.0535,
            0.0393,
            0.0022,
            0.0125,
            -0.0112,
            -0.0684,
            -0.0369,
            -0.0745,
            -0.0474,
            -0.0251,
            -0.0181,
            -0.0364,
            -0.0342,
            -0.054,
            -0.0266,
            -0.0042,
            -0.0059
        ],
        "accelz": [
            0.8599,
            5.8147,
            3.905,
            6.3799,
            -0.0784,
            -1.4619,
            1.0181,
            -0.3716,
            0.3206,
            1.666,
            -0.4199,
            4.5518,
            0.8223,
            -0.5322,
            1.3701,
            1.7317,
            0.4097,
            0.9424,
            1.4714,
            0.6609,
            0.626,
            1.4131,
            1.0334,
            0.9231,
            1.1377,
            0.8801,
            0.9473,
            1.083,
            0.9932,
            1.0505,
            0.98,
            0.9209,
            0.988,
            1.0413,
            0.9932,
            1.0347,
            0.9553,
            0.9531,
            1.001,
            1.0303
        ],
        "impact_id": 1
    },
    {
        "timestamp": 1718651136,
        "index": [
            0,
            5,
            10,
            15,
            20,
            25,
            30,
            35,
            40,
            45,
            50,
            55,
            60,
            65,
            70,
            75,
            80,
            85,
            90,
            95,
            100,
            105,
            110,
            115,
            120,
            125,
            130,
            135,
            140,
            145,
            150,
            155,
            160,
            165,
            170,
            175,
            180
        ],
        "accelx": [
            -0.6606,
            0.0605,
            -0.668,
            -0.2847,
            -0.4128,
            -0.2236,
            -0.5479,
            -0.1021,
            0.0735,
            0.0505,
            -0.074,
            -0.002,
            -0.0254,
            0.0027,
            0.0383,
            -0.0571,
            -0.0295,
            -0.0066,
            -0.0637,
            -0.0415,
            -0.043,
            -0.0339,
            0.0085,
            -0.0076,
            -0.0183,
            -0.0181,
            -0.0232,
            -0.0188,
            -0.009,
            -0.0427,
            -0.0344,
            -0.0422,
            -0.0286,
            -0.0171,
            -0.0208,
            -0.0264,
            -0.0264
        ],
        "accely": [
            -0.4653,
            -0.4546,
            -1.0339,
            0.2463,
            -0.4861,
            0.4634,
            0.1199,
            0.3765,
            -0.646,
            -0.0105,
            0.1248,
            -0.2126,
            -0.0859,
            0.0273,
            -0.137,
            0.0823,
            -0.0166,
            -0.0479,
            0.0493,
            -0.0344,
            -0.0259,
            -0.0461,
            -0.1062,
            -0.0249,
            0.0188,
            0.0022,
            -0.0054,
            -0.0603,
            -0.0701,
            0.0005,
            -0.0112,
            -0.0024,
            -0.0386,
            -0.0586,
            -0.0173,
            -0.0027,
            -0.009
        ],
        "accelz": [
            3.1982,
            5.2158,
            -0.4375,
            -3.0291,
            -0.1648,
            0.2722,
            3.4836,
            0.5239,
            1.7073,
            0.1953,
            1.3135,
            0.9272,
            0.918,
            1.3064,
            0.6938,
            1.0667,
            1.085,
            0.9685,
            0.9683,
            0.9546,
            1.0029,
            1.1216,
            1.0203,
            0.8496,
            0.9688,
            1.0774,
            1.0645,
            1.0259,
            0.8914,
            0.9443,
            1.0564,
            1.0496,
            1.001,
            0.9343,
            0.9419,
            1.0283,
            1.0564
        ],
        "impact_id": 2
    },
    {
        "timestamp": 1718651520,
        "index": [
            0,
            5,
            10,
            15,
            20,
            25,
            30,
            35,
            40,
            45,
            50,
            55,
            60,
            65,
            70,
            75,
            80,
            85,
            90,
            95,
            100,
            105,
            110,
            115,
            120,
            125,
            130,
            135,
            140,
            145,
            150,
            155,
            160,
            165,
            170,
            175,
            180,
            185,
            190,
            195,
            200,
            205,
            210,
            215,
            220,
            225,
            230,
            235,
            240,
            245
        ],
        "accelx": [
            0.0544,
            -1.0132,
            -0.2166,
            0.0891,
            -0.2302,
            -0.3252,
            0.8655,
            0.385,
            0.188,
            0.3418,
            0.1177,
            -0.6423,
            0.0017,
            0.0647,
            -0.0605,
            -0.2014,
            -0.1638,
            -0.0603,
            -0.084,
            -0.0281,
            0.0374,
            0.0935,
            0.0947,
            0.0415,
            0.0349,
            -0.0386,
            -0.0349,
            -0.062,
            -0.0999,
            -0.0723,
            -0.073,
            -0.0352,
            -0.0134,
            -0.0105,
            0.0059,
            0.0085,
            0.0095,
            -0.0032,
            -0.0237,
            -0.0349,
            -0.0403,
            -0.0383,
            -0.0359,
            -0.0303,
            -0.0273,
            -0.0276,
            -0.0291,
            -0.0205,
            -0.0164,
            -0.0176
        ],
        "accely": [
            0.0767,
            0.1333,
            0.155,
            0.2825,
            0.3875,
            -0.3323,
            -0.6016,
            -1.1897,
            0.4731,
            -0.2751,
            0.1135,
            -1.3987,
            -0.5559,
            0.1782,
            -0.1565,
            -0.2988,
            -0.0457,
            -0.0786,
            -0.0549,
            0.0078,
            0.0085,
            0.0046,
            0.0579,
            0.0852,
            -0.0779,
            -0.0327,
            -0.1047,
            -0.02,
            0.0176,
            -0.0276,
            -0.0305,
            -0.0552,
            -0.0447,
            0.0088,
            -0.0037,
            -0.033,
            -0.0508,
            -0.041,
            -0.001,
            0.0051,
            -0.0146,
            -0.0422,
            -0.0562,
            -0.0471,
            -0.019,
            -0.0193,
            -0.0205,
            -0.0217,
            -0.0349,
            -0.0342
        ],
        "accelz": [
            0.2537,
            6.2908,
            -1.3711,
            -0.0881,
            1.1145,
            0.9607,
            2.9172,
            2.7163,
            1.209,
            1.3774,
            0.7544,
            4.5601,
            0.8782,
            -0.3799,
            1.2463,
            1.2244,
            1.1001,
            0.9841,
            0.9275,
            0.9377,
            1.0906,
            1.0212,
            0.8049,
            1.1287,
            1.0791,
            1.043,
            0.9348,
            0.8328,
            0.991,
            1.1221,
            1.0383,
            0.9578,
            0.9106,
            0.9678,
            1.1069,
            1.0647,
            0.9553,
            0.9443,
            0.9778,
            1.0369,
            1.0273,
            0.9561,
            0.9902,
            1.019,
            1.0007,
            1.0034,
            0.9714,
            0.9968,
            1.0234,
            0.9939
        ],
        "impact_id": 3
    }
]